1  4  0  2 
2  0  4  2 
1  5  0  3 
1  4  1  2 
2  1  4  1 
2  0  5  2 
1  6  0  3 
1  5  1  2 
1  4  2  1 
2  2  4  1 
2  1  5  2 
2  0  6  3 
1  7  0  4 
1  6  1  3 
1  5  2  2 
2  2  5  1 
2  1  6  2 
2  0  7  3 
1  8  0  4 
2  0  8  4 
1  9  0  5 
1  8  1  4 
2  1  8  3 
2  0  9  4 
1  10  0  5 
1  9  1  4 
2  1  9  4 
2  0  10  5 
1  10  1  5 
1  7  4  2 
2  4  7  1 
2  1  10  4 
1  10  2  4 
1  8  4  2 
1  7  5  1 
2  5  7  1 
2  4  8  2 
2  2  10  4 
1  9  4  3 
1  8  5  2 
2  5  8  1 
2  4  9  2 
1  13  8  3 
2  8  13  2 
1  14  8  3 
1  13  9  2 
2  9  13  2 
2  8  14  3 
1  15  8  4 
1  14  9  3 
1  13  10  2 
2  10  13  1 
2  9  14  2 
2  8  15  3 
1  16  8  4 
1  15  9  3 
1  14  10  2 
1  13  11  1 
2  11  13  1 
2  10  14  2 
2  9  15  3 
2  8  16  4 
1  25  10  8 
2  10  25  7 
1  26  10  8 
1  25  11  7 
2  11  25  7 
2  10  26  8 
1  27  10  9 
1  26  11  8 
1  25  12  7 
2  12  25  6 
2  11  26  7 
2  10  27  8 
1  28  10  9 
1  27  11  8 
1  26  12  7 
1  25  13  6 
2  13  25  6 
2  12  26  7 
2  11  27  8 
2  10  28  9 
1  29  10  10 
1  28  11  9 
1  27  12  8 
1  26  13  7 
1  25  14  6 
2  14  25  5 
2  13  26  6 
2  12  27  7 
2  11  28  8 
2  10  29  9 
1  30  10  10 
1  29  11  9 
1  28  12  8 
1  27  13  7 
1  26  14  6 
1  25  15  5 
2  15  25  5 
2  14  26  6 
2  13  27  7 
2  12  28  8 
2  11  29  9 
2  10  30  10 
1  31  10  11 
1  30  11  10 
1  29  12  9 
1  28  13  8 
1  27  14  7 
1  26  15  6 
1  25  16  5 
2  16  25  4 
2  15  26  5 
2  14  27  6 
2  13  28  7 
2  12  29  8 
2  11  30  9 
2  10  31  10 
1  32  10  11 
1  31  11  10 
1  30  12  9 
1  29  13  8 
1  28  14  7 
1  27  15  6 
1  26  16  5 
1  25  17  4 
2  17  25  4 
2  16  26  5 
2  15  27  6 
2  14  28  7 
2  13  29  8 
2  12  30  9 
2  11  31  10 
2  10  32  11 
1  33  10  12 
1  32  11  11 
1  31  12  10 
1  30  13  9 
1  29  14  8 
1  28  15  7 
1  27  16  6 
1  26  17  5 
1  25  18  4 
2  18  25  3 
2  17  26  4 
2  16  27  5 
2  15  28  6 
2  14  29  7 
2  13  30  8 
2  12  31  9 
2  11  32  10 
2  10  33  11 
1  34  10  12 
1  33  11  11 
1  32  12  10 
1  31  13  9 
1  30  14  8 
1  29  15  7 
1  28  16  6 
1  27  17  5 
1  26  18  4 
1  25  19  3 
2  19  25  3 
2  18  26  4 
2  17  27  5 
2  16  28  6 
2  15  29  7 
2  14  30  8 
2  13  31  9 
2  12  32  10 
2  11  33  11 
2  10  34  12 
1  35  10  13 
1  34  11  12 
1  33  12  11 
1  32  13  10 
1  31  14  9 
1  30  15  8 
1  29  16  7 
1  28  17  6 
1  27  18  5 
1  26  19  4 
1  25  20  3 
2  20  25  2 
2  19  26  3 
2  18  27  4 
2  17  28  5 
2  16  29  6 
2  15  30  7 
2  14  31  8 
2  13  32  9 
2  12  33  10 
2  11  34  11 
2  10  35  12 
1  36  10  13 
1  35  11  12 
1  34  12  11 
1  33  13  10 
1  32  14  9 
1  31  15  8 
1  30  16  7 
1  29  17  6 
1  28  18  5 
1  27  19  4 
1  26  20  3 
1  25  21  2 
2  21  25  2 
2  20  26  3 
2  19  27  4 
2  18  28  5 
2  17  29  6 
2  16  30  7 
2  15  31  8 
2  14  32  9 
2  13  33  10 
2  12  34  11 
2  11  35  12 
2  10  36  13 
1  37  10  14 
1  36  11  13 
1  35  12  12 
1  34  13  11 
1  33  14  10 
1  32  15  9 
1  31  16  8 
1  30  17  7 
1  29  18  6 
1  28  19  5 
1  27  20  4 
1  26  21  3 
1  25  22  2 
2  22  25  1 
2  21  26  2 
2  20  27  3 
2  19  28  4 
2  18  29  5 
2  17  30  6 
2  16  31  7 
2  15  32  8 
2  14  33  9 
2  13  34  10 
2  12  35  11 
2  11  36  12 
2  10  37  13 
1  38  10  14 
1  37  11  13 
1  36  12  12 
1  35  13  11 
1  34  14  10 
1  33  15  9 
1  32  16  8 
1  31  17  7 
1  30  18  6 
1  29  19  5 
1  28  20  4 
1  27  21  3 
1  26  22  2 
1  25  23  1 
2  23  25  1 
2  22  26  2 
2  21  27  3 
2  20  28  4 
2  19  29  5 
2  18  30  6 
2  17  31  7 
2  16  32  8 
2  15  33  9 
2  14  34  10 
2  13  35  11 
2  12  36  12 
2  11  37  13 
2  10  38  14 
1  49  25  12 
2  25  49  12 
1  50  25  13 
1  49  26  12 
2  26  49  11 
2  25  50  12 
1  51  25  13 
1  50  26  12 
1  49  27  11 
2  27  49  11 
2  26  50  12 
2  25  51  13 
1  52  25  14 
1  51  26  13 
1  50  27  12 
1  49  28  11 
2  28  49  10 
2  27  50  11 
2  26  51  12 
2  25  52  13 
1  53  25  14 
1  52  26  13 
1  51  27  12 
1  50  28  11 
1  49  29  10 
2  29  49  10 
2  28  50  11 
2  27  51  12 
2  26  52  13 
2  25  53  14 
1  54  25  15 
1  53  26  14 
1  52  27  13 
1  51  28  12 
1  50  29  11 
1  49  30  10 
2  30  49  9 
2  29  50  10 
2  28  51  11 
2  27  52  12 
2  26  53  13 
2  25  54  14 
1  55  25  15 
1  54  26  14 
1  53  27  13 
1  52  28  12 
1  51  29  11 
1  50  30  10 
1  49  31  9 
2  31  49  9 
2  30  50  10 
2  29  51  11 
2  28  52  12 
2  27  53  13 
2  26  54  14 
2  25  55  15 
1  56  25  16 
1  55  26  15 
1  54  27  14 
1  53  28  13 
1  52  29  12 
1  51  30  11 
1  50  31  10 
1  49  32  9 
2  32  49  8 
2  31  50  9 
2  30  51  10 
2  29  52  11 
2  28  53  12 
2  27  54  13 
2  26  55  14 
2  25  56  15 
1  57  25  16 
1  56  26  15 
1  55  27  14 
1  54  28  13 
1  53  29  12 
1  52  30  11 
1  51  31  10 
1  50  32  9 
1  49  33  8 
2  33  49  8 
2  32  50  9 
2  31  51  10 
2  30  52  11 
2  29  53  12 
2  28  54  13 
2  27  55  14 
2  26  56  15 
2  25  57  16 
1  58  25  17 
1  57  26  16 
1  56  27  15 
1  55  28  14 
1  54  29  13 
1  53  30  12 
1  52  31  11 
1  51  32  10 
1  50  33  9 
1  49  34  8 
2  34  49  7 
2  33  50  8 
2  32  51  9 
2  31  52  10 
2  30  53  11 
2  29  54  12 
2  28  55  13 
2  27  56  14 
2  26  57  15 
2  25  58  16 
1  59  25  17 
1  58  26  16 
1  57  27  15 
1  56  28  14 
1  55  29  13 
1  54  30  12 
1  53  31  11 
1  52  32  10 
1  51  33  9 
1  50  34  8 
1  49  35  7 
2  35  49  7 
2  34  50  8 
2  33  51  9 
2  32  52  10 
2  31  53  11 
2  30  54  12 
2  29  55  13 
2  28  56  14 
2  27  57  15 
2  26  58  16 
2  25  59  17 
1  60  25  18 
1  59  26  17 
1  58  27  16 
1  57  28  15 
1  56  29  14 
1  55  30  13 
1  54  31  12 
1  53  32  11 
1  52  33  10 
1  51  34  9 
1  50  35  8 
1  49  36  7 
2  36  49  6 
2  35  50  7 
2  34  51  8 
2  33  52  9 
2  32  53  10 
2  31  54  11 
2  30  55  12 
2  29  56  13 
2  28  57  14 
2  27  58  15 
2  26  59  16 
2  25  60  17 
1  61  25  18 
1  60  26  17 
1  59  27  16 
1  58  28  15 
1  57  29  14 
1  56  30  13 
1  55  31  12 
1  54  32  11 
1  53  33  10 
1  52  34  9 
1  51  35  8 
1  50  36  7 
1  49  37  6 
2  37  49  6 
2  36  50  7 
2  35  51  8 
2  34  52  9 
2  33  53  10 
2  32  54  11 
2  31  55  12 
2  30  56  13 
2  29  57  14 
2  28  58  15 
2  27  59  16 
2  26  60  17 
2  25  61  18 
1  62  25  19 
1  61  26  18 
1  60  27  17 
1  59  28  16 
1  58  29  15 
1  57  30  14 
1  56  31  13 
1  55  32  12 
1  54  33  11 
1  53  34  10 
1  52  35  9 
1  51  36  8 
1  50  37  7 
1  49  38  6 
2  38  49  5 
2  37  50  6 
2  36  51  7 
2  35  52  8 
2  34  53  9 
2  33  54  10 
2  32  55  11 
2  31  56  12 
2  30  57  13 
2  29  58  14 
2  28  59  15 
2  27  60  16 
2  26  61  17 
2  25  62  18 
1  63  25  19 
1  62  26  18 
1  61  27  17 
1  60  28  16 
1  59  29  15 
1  58  30  14 
1  57  31  13 
1  56  32  12 
1  55  33  11 
1  54  34  10 
1  53  35  9 
1  52  36  8 
1  51  37  7 
1  50  38  6 
1  49  39  5 
2  39  49  5 
2  38  50  6 
2  37  51  7 
2  36  52  8 
2  35  53  9 
2  34  54  10 
2  33  55  11 
2  32  56  12 
2  31  57  13 
2  30  58  14 
2  29  59  15 
2  28  60  16 
2  27  61  17 
2  26  62  18 
2  25  63  19 
1  64  25  20 
1  63  26  19 
1  62  27  18 
1  61  28  17 
1  60  29  16 
1  59  30  15 
1  58  31  14 
1  57  32  13 
1  56  33  12 
1  55  34  11 
1  54  35  10 
1  53  36  9 
1  52  37  8 
1  51  38  7 
1  50  39  6 
1  49  40  5 
2  40  49  4 
2  39  50  5 
2  38  51  6 
2  37  52  7 
2  36  53  8 
2  35  54  9 
2  34  55  10 
2  33  56  11 
2  32  57  12 
2  31  58  13 
2  30  59  14 
2  29  60  15 
2  28  61  16 
2  27  62  17 
2  26  63  18 
2  25  64  19 
1  65  25  20 
1  64  26  19 
1  63  27  18 
1  62  28  17 
1  61  29  16 
1  60  30  15 
1  59  31  14 
1  58  32  13 
1  57  33  12 
1  56  34  11 
1  55  35  10 
1  54  36  9 
1  53  37  8 
1  52  38  7 
1  51  39  6 
1  50  40  5 
1  49  41  4 
2  41  49  4 
2  40  50  5 
2  39  51  6 
2  38  52  7 
2  37  53  8 
2  36  54  9 
2  35  55  10 
2  34  56  11 
2  33  57  12 
2  32  58  13 
2  31  59  14 
2  30  60  15 
2  29  61  16 
2  28  62  17 
2  27  63  18 
2  26  64  19 
2  25  65  20 
1  66  25  21 
1  65  26  20 
1  64  27  19 
1  63  28  18 
1  62  29  17 
1  61  30  16 
1  60  31  15 
1  59  32  14 
1  58  33  13 
1  57  34  12 
1  56  35  11 
1  55  36  10 
1  54  37  9 
1  53  38  8 
1  52  39  7 
1  51  40  6 
1  50  41  5 
1  49  42  4 
2  42  49  3 
2  41  50  4 
2  40  51  5 
2  39  52  6 
2  38  53  7 
2  37  54  8 
2  36  55  9 
2  35  56  10 
2  34  57  11 
2  33  58  12 
2  32  59  13 
2  31  60  14 
2  30  61  15 
2  29  62  16 
2  28  63  17 
2  27  64  18 
2  26  65  19 
2  25  66  20 
1  67  25  21 
1  66  26  20 
1  65  27  19 
1  64  28  18 
1  63  29  17 
1  62  30  16 
1  61  31  15 
1  60  32  14 
1  59  33  13 
1  58  34  12 
1  57  35  11 
1  56  36  10 
1  55  37  9 
1  54  38  8 
1  53  39  7 
1  52  40  6 
1  51  41  5 
1  50  42  4 
1  49  43  3 
2  43  49  3 
2  42  50  4 
2  41  51  5 
2  40  52  6 
2  39  53  7 
2  38  54  8 
2  37  55  9 
2  36  56  10 
2  35  57  11 
2  34  58  12 
2  33  59  13 
2  32  60  14 
2  31  61  15 
2  30  62  16 
2  29  63  17 
2  28  64  18 
2  27  65  19 
2  26  66  20 
2  25  67  21 
1  68  25  22 
1  67  26  21 
1  66  27  20 
1  65  28  19 
1  64  29  18 
1  63  30  17 
1  62  31  16 
1  61  32  15 
1  60  33  14 
1  59  34  13 
1  58  35  12 
1  57  36  11 
1  56  37  10 
1  55  38  9 
1  54  39  8 
1  53  40  7 
1  52  41  6 
1  51  42  5 
1  50  43  4 
1  49  44  3 
2  44  49  2 
2  43  50  3 
2  42  51  4 
2  41  52  5 
2  40  53  6 
2  39  54  7 
2  38  55  8 
2  37  56  9 
2  36  57  10 
2  35  58  11 
2  34  59  12 
2  33  60  13 
2  32  61  14 
2  31  62  15 
2  30  63  16 
2  29  64  17 
2  28  65  18 
2  27  66  19 
2  26  67  20 
2  25  68  21 
1  69  25  22 
1  68  26  21 
1  67  27  20 
1  66  28  19 
1  65  29  18 
1  64  30  17 
1  63  31  16 
1  62  32  15 
1  61  33  14 
1  60  34  13 
1  59  35  12 
1  58  36  11 
1  57  37  10 
1  56  38  9 
1  55  39  8 
1  54  40  7 
1  53  41  6 
1  52  42  5 
1  51  43  4 
1  50  44  3 
1  49  45  2 
2  45  49  2 
2  44  50  3 
2  43  51  4 
2  42  52  5 
2  41  53  6 
2  40  54  7 
2  39  55  8 
2  38  56  9 
2  37  57  10 
2  36  58  11 
2  35  59  12 
2  34  60  13 
2  33  61  14 
2  32  62  15 
2  31  63  16 
2  30  64  17 
2  29  65  18 
2  28  66  19 
2  27  67  20 
2  26  68  21 
2  25  69  22 
1  70  25  23 
1  69  26  22 
1  68  27  21 
1  67  28  20 
1  66  29  19 
1  65  30  18 
1  64  31  17 
1  63  32  16 
1  62  33  15 
1  61  34  14 
1  60  35  13 
1  59  36  12 
1  58  37  11 
1  57  38  10 
1  56  39  9 
1  55  40  8 
1  54  41  7 
1  53  42  6 
1  52  43  5 
1  51  44  4 
1  50  45  3 
1  49  46  2 
2  46  49  1 
2  45  50  2 
2  44  51  3 
2  43  52  4 
2  42  53  5 
2  41  54  6 
2  40  55  7 
2  39  56  8 
2  38  57  9 
2  37  58  10 
2  36  59  11 
2  35  60  12 
2  34  61  13 
2  33  62  14 
2  32  63  15 
2  31  64  16 
2  30  65  17 
2  29  66  18 
2  28  67  19 
2  27  68  20 
2  26  69  21 
2  25  70  22 
1  71  25  23 
1  70  26  22 
1  69  27  21 
1  68  28  20 
1  67  29  19 
1  66  30  18 
1  65  31  17 
1  64  32  16 
1  63  33  15 
1  62  34  14 
1  61  35  13 
1  60  36  12 
1  59  37  11 
1  58  38  10 
1  57  39  9 
1  56  40  8 
1  55  41  7 
1  54  42  6 
1  53  43  5 
1  52  44  4 
1  51  45  3 
1  50  46  2 
1  49  47  1 
2  47  49  1 
2  46  50  2 
2  45  51  3 
2  44  52  4 
2  43  53  5 
2  42  54  6 
2  41  55  7 
2  40  56  8 
2  39  57  9 
2  38  58  10 
2  37  59  11 
2  36  60  12 
2  35  61  13 
2  34  62  14 
2  33  63  15 
2  32  64  16 
2  31  65  17 
2  30  66  18 
2  29  67  19 
2  28  68  20 
2  27  69  21 
2  26  70  22 
2  25  71  23 
-1