

			  1            1           -           1.0000000128e+00       4.8000000000e+02       2.0833333066e-03       4.8000000000e+01       
    	      1            2            3          5.7436527634e-01       6.1487784691e+02       2.8315418000e-03       6.1487784691e+01       
    	      2            2           -           5.5555555556e-01       6.4166666667e+02       2.8051948052e-03       6.4166666667e+01       
    	      1            3            3          5.2771957997e-01       6.7983131521e+02       2.7873764484e-03       6.7983131521e+01       
    	      2            3            7          5.3909034885e-01       6.5845465095e+02       2.8171668770e-03       6.5845465095e+01       
    	      3            3           -           5.0000000000e-01       7.3125000000e+02       2.7350427350e-03       7.3125000000e+01       
    	      1            4            3          4.9172052025e-01       7.4384828029e+02       2.7339924081e-03       7.4384828029e+01       
    	      2            4            7          5.2758323215e-01       6.7250215354e+02       2.8184824597e-03       6.7250215354e+01       
    	      3            4            7          4.8995434611e-01       7.4406650263e+02       2.7430431048e-03       7.4406650263e+01       
    	      4            4           -           4.5454545455e-01       8.2909090909e+02       2.6535087719e-03       8.2909090909e+01       
    	      1            5            3          4.6341147922e-01       8.2284501228e+02       2.6224980351e-03       8.2284501228e+01       
    	      2            5            9          5.4294522322e-01       6.5581977807e+02       2.8084032924e-03       6.5581977807e+01       
    	      3            5            9          4.9496041125e-01       7.3800150380e+02       2.7376144804e-03       7.3800150380e+01       
    	      4            5            9          4.5302379190e-01       8.3164897962e+02       2.6542323012e-03       8.3164897962e+01       
    	      5            5           -           4.1666666667e-01       9.5625000000e+02       2.5098039216e-03       9.5625000000e+01       
    	      1            6            2          4.0758578498e-01       8.8746294831e+02       2.7645900502e-03       8.8746294831e+01       
    	      2            6            5          4.6553241456e-01       7.5389924697e+02       2.8492907266e-03       7.5389924697e+01       
    	      3            6            5          4.4512189100e-01       8.0566825933e+02       2.7884623980e-03       8.0566825933e+01       
    	      4            6            4          4.1201495689e-01       8.9334978287e+02       2.7168488775e-03       8.9334978287e+01       
    	      5            6            1          3.8524842896e-01       9.8285414346e+02       2.6410100313e-03       9.8285414346e+01       
    	      6            6           -           3.8461538462e-01       9.8653846154e+02       2.6354775828e-03       9.8653846154e+01 
