


			  1            1           -           1.0000294842e+00       6.0000000000e+02       1.6666175278e-03       4.0000000000e+01       
    	      1            2            3          5.5792195164e-01       7.5139757907e+02       2.3853755273e-03       5.0093171938e+01       
    	      2            2           -           5.5555555569e-01       7.5625000000e+02       2.3801652887e-03       5.0416666667e+01       
    	      1            3            4          5.1237966171e-01       8.2815141753e+02       2.3566677993e-03       5.5210094502e+01       
    	      2            3            9          5.3278887525e-01       7.8554410723e+02       2.3893197711e-03       5.2369607149e+01       
    	      3            3           -           5.0000000001e-01       8.5312500000e+02       2.3443223443e-03       5.6875000000e+01       
    	      1            4            4          4.7325584378e-01       9.1177904029e+02       2.3174715435e-03       6.0785269353e+01       
    	      2            4           10          5.2841880333e-01       7.9235243229e+02       2.3883795357e-03       5.2823495486e+01       
    	      3            4            9          4.8598278815e-01       8.7579816740e+02       2.3494979996e-03       5.8386544493e+01       
    	      4            4           -           4.5454545455e-01       9.5863636364e+02       2.2949265054e-03       6.3909090909e+01       
    	      1            5            4          4.4244109632e-01       1.0162478469e+03       2.2240518186e-03       6.7749856462e+01       
    	      2            5           14          5.5052833944e-01       7.6288940704e+02       2.3809963815e-03       5.0859293803e+01       
    	      3            5           13          4.9691266021e-01       8.5817577353e+02       2.3450045414e-03       5.7211718236e+01       
    	      4            5           14          4.5417289354e-01       9.5937757964e+02       2.2950345319e-03       6.3958505309e+01       
    	      5            5           -           4.1666666667e-01       1.0968750000e+03       2.1880341880e-03       7.3125000000e+01       
    	      1            6            3          3.9940589571e-01       1.0612626008e+03       2.3591886430e-03       7.0750840052e+01       
    	      2            6            7          4.5851903426e-01       9.0183909366e+02       2.4183189189e-03       6.0122606244e+01       
    	      3            6            6          4.2539463771e-01       9.8295177796e+02       2.3915296870e-03       6.5530118531e+01       
    	      4            6            5          4.0255073023e-01       1.0554584237e+03       2.3536303238e-03       7.0363894916e+01       
    	      5            6            2          3.8523470758e-01       1.1210900373e+03       2.3154430251e-03       7.4739335822e+01       
    	      6            6           -           3.8461538462e-01       1.1235576923e+03       2.3140778776e-03       7.4903846154e+01  
