			  1            1           -           1.0000000000e+00       3.6000000000e+02       2.7777777778e-03       7.2000000000e+01       
    	      1            2            1          5.7134408407e-01       4.9050822024e+02       3.5682557571e-03       9.8101644047e+01       
    	      2            2           -           5.5555555556e-01       5.2708333333e+02       3.4150197628e-03       1.0541666667e+02       
    	      1            3            1          5.2139954027e-01       5.4573811711e+02       3.5143504572e-03       1.0914762342e+02       
    	      2            3            3          5.2780026680e-01       5.5063808727e+02       3.4408373724e-03       1.1012761745e+02       
    	      3            3           -           5.0000000000e-01       6.0937500000e+02       3.2820512821e-03       1.2187500000e+02       
    	      1            4            1          4.8161134770e-01       6.0082260928e+02       3.4558670126e-03       1.2016452186e+02       
    	      2            4            3          5.0713624914e-01       5.7139029206e+02       3.4509803656e-03       1.1427805841e+02       
    	      3            4            3          4.8017415395e-01       6.3041989577e+02       3.3034771665e-03       1.2608397915e+02       
    	      4            4           -           4.5454545455e-01       6.9954545455e+02       3.1448992853e-03       1.3990909091e+02       
    	      1            5            2          5.1811687367e-01       5.7877499886e+02       3.3347440082e-03       1.1575499977e+02       
    	      2            5            4          5.1891773245e-01       5.6042455140e+02       3.4386211929e-03       1.1208491028e+02       
    	      3            5            4          4.8149251054e-01       6.2945830985e+02       3.2994647469e-03       1.2589166197e+02       
    	      4            5            4          4.4745307100e-01       7.0913576603e+02       3.1515421276e-03       1.4182715321e+02       
    	      5            5           -           4.1666666667e-01       8.1562500000e+02       2.9425287356e-03       1.6312500000e+02       
    	      1            6            1          4.2262756277e-01       6.7335060324e+02       3.5139933005e-03       1.3467012065e+02       
    	      2            6            3          4.7869831816e-01       5.9480955817e+02       3.5120457094e-03       1.1896191163e+02       
    	      3            6            2          4.2450952776e-01       6.9703099256e+02       3.3795623957e-03       1.3940619851e+02       
    	      4            6            2          4.1078230868e-01       7.5132266933e+02       3.2401250799e-03       1.5026453387e+02       
    	      5            6            1          3.8898871160e-01       8.3423445295e+02       3.0815901687e-03       1.6684689059e+02       
    	      6            6           -           3.8461538462e-01       8.4951923077e+02       3.0605546123e-03       1.6990384615e+02       
    	    
