1.9863915687e-17 
1.0130597000e-15 
2.5833022350e-14 
4.3916137996e-13 
5.5993075944e-12 
5.7112937463e-11 
4.8545996844e-10 
3.5369226272e-09 
2.2547881748e-08 
1.2777132991e-07 
6.5163378253e-07 
1.6784506520e-06 
3.9630084838e-06 
8.6373261826e-06 
1.7480302989e-05 
3.3018350090e-05 
5.8469994950e-05 
9.7449991584e-05 
1.5339350527e-04 
2.2874470084e-04 
3.2405499286e-04 
4.1317011590e-04 
5.2679189777e-04 
6.7165966966e-04 
8.5636607881e-04 
1.0918667505e-03 
1.3921301069e-03 
1.7749658863e-03 
2.2630815050e-03 
2.8854289188e-03 
3.6789218715e-03 
4.2642048965e-03 
4.9426011301e-03 
5.7289240372e-03 
6.6403437703e-03 
7.6967620974e-03 
8.9212469766e-03 
1.0340536268e-02 
1.1985621584e-02 
1.3892425017e-02 
1.6102583543e-02 
1.7108995014e-02 
1.8178307203e-02 
1.9314451403e-02 
2.0521604616e-02 
2.1804204904e-02 
2.3166967711e-02 
2.4614903193e-02 
2.6153334642e-02 
2.7787918057e-02 
2.9524662936e-02 
2.8956880956e-02 
2.8400017861e-02 
2.7853863671e-02 
2.7318212447e-02 
2.6792862208e-02 
2.6277614857e-02 
2.5772276110e-02 
2.5276655416e-02 
2.4790565888e-02 
2.4313824237e-02 
2.3846250694e-02 
2.3387668950e-02 
2.2937906085e-02 
2.2496792507e-02 
2.2064161882e-02 
2.1639851076e-02 
2.1223700094e-02 
2.0815552015e-02 
2.0415252938e-02 
2.0022651920e-02 
1.9637600921e-02 
1.9259954750e-02 
1.8889571005e-02 
1.8526310024e-02 
1.8170034831e-02 
1.7820611084e-02 
1.7477907025e-02 
1.7141793428e-02 
1.6812143555e-02 
1.6488833102e-02 
