1  16  0  1 
2  0  16  1 
1  17  0  2 
1  16  1  1 
2  1  16  1 
2  0  17  2 
1  18  0  3 
1  17  1  2 
1  16  2  1 
2  2  16  1 
2  1  17  2 
2  0  18  3 
1  19  0  4 
1  18  1  3 
1  17  2  2 
1  16  3  1 
2  3  16  1 
2  2  17  2 
2  1  18  3 
2  0  19  4 
1  20  0  5 
1  19  1  4 
1  18  2  3 
1  17  3  2 
1  16  4  1 
2  4  16  1 
2  3  17  2 
2  2  18  3 
2  1  19  4 
2  0  20  5 
1  21  0  6 
1  20  1  5 
1  19  2  4 
1  18  3  3 
1  17  4  2 
1  16  5  1 
2  5  16  1 
2  4  17  2 
2  3  18  3 
2  2  19  4 
2  1  20  5 
2  0  21  6 
1  22  0  7 
1  21  1  6 
1  20  2  5 
1  19  3  4 
1  18  4  3 
1  17  5  2 
1  16  6  1 
2  6  16  1 
2  5  17  2 
2  4  18  3 
2  3  19  4 
2  2  20  5 
2  1  21  6 
2  0  22  7 
1  23  0  8 
1  22  1  7 
1  21  2  6 
1  20  3  5 
1  19  4  4 
1  18  5  3 
1  17  6  2 
1  16  7  1 
2  7  16  1 
2  6  17  2 
2  5  18  3 
2  4  19  4 
2  3  20  5 
2  2  21  6 
2  1  22  7 
2  0  23  8 
1  24  0  9 
1  23  1  8 
1  22  2  7 
1  21  3  6 
1  20  4  5 
1  19  5  4 
1  18  6  3 
1  17  7  2 
1  16  8  1 
2  8  16  1 
2  7  17  2 
2  6  18  3 
2  5  19  4 
2  4  20  5 
2  3  21  6 
2  2  22  7 
2  1  23  8 
2  0  24  9 
1  25  0  10 
1  24  1  9 
1  23  2  8 
1  22  3  7 
1  21  4  6 
1  20  5  5 
1  19  6  4 
1  18  7  3 
1  17  8  2 
1  16  9  1 
2  9  16  1 
2  8  17  2 
2  7  18  3 
2  6  19  4 
2  5  20  5 
2  4  21  6 
2  3  22  7 
2  2  23  8 
2  1  24  9 
2  0  25  10 
1  26  0  11 
1  25  1  10 
1  24  2  9 
1  23  3  8 
1  22  4  7 
1  21  5  6 
1  20  6  5 
1  19  7  4 
1  18  8  3 
1  17  9  2 
1  16  10  1 
2  10  16  1 
2  9  17  2 
2  8  18  3 
2  7  19  4 
2  6  20  5 
2  5  21  6 
2  4  22  7 
2  3  23  8 
2  2  24  9 
2  1  25  10 
2  0  26  11 
1  27  0  12 
1  26  1  11 
1  25  2  10 
1  24  3  9 
1  23  4  8 
1  22  5  7 
1  21  6  6 
1  20  7  5 
1  19  8  4 
1  18  9  3 
1  17  10  2 
1  16  11  1 
2  11  16  1 
2  10  17  2 
2  9  18  3 
2  8  19  4 
2  7  20  5 
2  6  21  6 
2  5  22  7 
2  4  23  8 
2  3  24  9 
2  2  25  10 
2  1  26  11 
2  0  27  12 
1  28  0  13 
1  27  1  12 
1  26  2  11 
1  25  3  10 
1  24  4  9 
1  23  5  8 
1  22  6  7 
1  21  7  6 
1  20  8  5 
1  19  9  4 
1  18  10  3 
1  17  11  2 
1  16  12  1 
2  12  16  1 
2  11  17  2 
2  10  18  3 
2  9  19  4 
2  8  20  5 
2  7  21  6 
2  6  22  7 
2  5  23  8 
2  4  24  9 
2  3  25  10 
2  2  26  11 
2  1  27  12 
2  0  28  13 
1  29  0  14 
1  28  1  13 
1  27  2  12 
1  26  3  11 
1  25  4  10 
1  24  5  9 
1  23  6  8 
1  22  7  7 
1  21  8  6 
1  20  9  5 
1  19  10  4 
1  18  11  3 
1  17  12  2 
1  16  13  1 
2  13  16  1 
2  12  17  2 
2  11  18  3 
2  10  19  4 
2  9  20  5 
2  8  21  6 
2  7  22  7 
2  6  23  8 
2  5  24  9 
2  4  25  10 
2  3  26  11 
2  2  27  12 
2  1  28  13 
2  0  29  14 
1  30  0  15 
1  29  1  14 
1  28  2  13 
1  27  3  12 
1  26  4  11 
1  25  5  10 
1  24  6  9 
1  23  7  8 
1  22  8  7 
1  21  9  6 
1  20  10  5 
1  19  11  4 
1  18  12  3 
1  17  13  2 
1  16  14  1 
2  14  16  1 
2  13  17  2 
2  12  18  3 
2  11  19  4 
2  10  20  5 
2  9  21  6 
2  8  22  7 
2  7  23  8 
2  6  24  9 
2  5  25  10 
2  4  26  11 
2  3  27  12 
2  2  28  13 
2  1  29  14 
2  0  30  15 
1  31  0  1 
2  29  2  1 
2  28  3  2 
2  27  4  3 
2  26  5  4 
2  25  6  5 
2  24  7  6 
2  23  8  7 
2  22  9  8 
2  21  10  9 
2  20  11  10 
2  19  12  11 
2  18  13  12 
2  17  14  13 
2  16  15  14 
1  15  16  14 
1  14  17  13 
1  13  18  12 
1  12  19  11 
1  11  20  10 
1  10  21  9 
1  9  22  8 
1  8  23  7 
1  7  24  6 
1  6  25  5 
1  5  26  4 
1  4  27  3 
1  3  28  2 
1  2  29  1 
2  0  31  1 
1  32  0  2 
1  31  1  1 
2  29  3  1 
2  28  4  2 
2  27  5  3 
2  26  6  4 
2  25  7  5 
2  24  8  6 
2  23  9  7 
2  22  10  8 
2  21  11  9 
2  20  12  10 
2  19  13  11 
2  18  14  12 
2  17  15  13 
1  15  17  13 
1  14  18  12 
1  13  19  11 
1  12  20  10 
1  11  21  9 
1  10  22  8 
1  9  23  7 
1  8  24  6 
1  7  25  5 
1  6  26  4 
1  5  27  3 
1  4  28  2 
1  3  29  1 
2  1  31  1 
2  0  32  2 
1  33  0  3 
1  32  1  2 
1  31  2  1 
2  29  4  1 
2  28  5  2 
2  27  6  3 
2  26  7  4 
2  25  8  5 
2  24  9  6 
2  23  10  7 
2  22  11  8 
2  21  12  9 
2  20  13  10 
2  19  14  11 
2  18  15  12 
1  15  18  12 
1  14  19  11 
1  13  20  10 
1  12  21  9 
1  11  22  8 
1  10  23  7 
1  9  24  6 
1  8  25  5 
1  7  26  4 
1  6  27  3 
1  5  28  2 
1  4  29  1 
2  2  31  1 
2  1  32  2 
2  0  33  3 
1  34  0  4 
1  33  1  3 
1  32  2  2 
1  31  3  1 
2  29  5  1 
2  28  6  2 
2  27  7  3 
2  26  8  4 
2  25  9  5 
2  24  10  6 
2  23  11  7 
2  22  12  8 
2  21  13  9 
2  20  14  10 
2  19  15  11 
1  15  19  11 
1  14  20  10 
1  13  21  9 
1  12  22  8 
1  11  23  7 
1  10  24  6 
1  9  25  5 
1  8  26  4 
1  7  27  3 
1  6  28  2 
1  5  29  1 
2  3  31  1 
2  2  32  2 
2  1  33  3 
2  0  34  4 
1  35  0  5 
1  34  1  4 
1  33  2  3 
1  32  3  2 
1  31  4  1 
2  29  6  1 
2  28  7  2 
2  27  8  3 
2  26  9  4 
2  25  10  5 
2  24  11  6 
2  23  12  7 
2  22  13  8 
2  21  14  9 
2  20  15  10 
1  15  20  10 
1  14  21  9 
1  13  22  8 
1  12  23  7 
1  11  24  6 
1  10  25  5 
1  9  26  4 
1  8  27  3 
1  7  28  2 
1  6  29  1 
2  4  31  1 
2  3  32  2 
2  2  33  3 
2  1  34  4 
2  0  35  5 
1  36  0  6 
1  35  1  5 
1  34  2  4 
1  33  3  3 
1  32  4  2 
1  31  5  1 
2  29  7  1 
2  28  8  2 
2  27  9  3 
2  26  10  4 
2  25  11  5 
2  24  12  6 
2  23  13  7 
2  22  14  8 
2  21  15  9 
1  15  21  9 
1  14  22  8 
1  13  23  7 
1  12  24  6 
1  11  25  5 
1  10  26  4 
1  9  27  3 
1  8  28  2 
1  7  29  1 
2  5  31  1 
2  4  32  2 
2  3  33  3 
2  2  34  4 
2  1  35  5 
2  0  36  6 
1  37  0  7 
1  36  1  6 
1  35  2  5 
1  34  3  4 
1  33  4  3 
1  32  5  2 
1  31  6  1 
2  29  8  1 
2  28  9  2 
2  27  10  3 
2  26  11  4 
2  25  12  5 
2  24  13  6 
2  23  14  7 
2  22  15  8 
1  15  22  8 
1  14  23  7 
1  13  24  6 
1  12  25  5 
1  11  26  4 
1  10  27  3 
1  9  28  2 
1  8  29  1 
2  6  31  1 
2  5  32  2 
2  4  33  3 
2  3  34  4 
2  2  35  5 
2  1  36  6 
2  0  37  7 
1  37  1  7 
1  36  2  6 
1  35  3  5 
1  34  4  4 
1  33  5  3 
1  32  6  2 
1  31  7  1 
2  29  9  1 
2  28  10  2 
2  27  11  3 
2  26  12  4 
2  25  13  5 
2  24  14  6 
2  23  15  7 
1  15  23  7 
1  14  24  6 
1  13  25  5 
1  12  26  4 
1  11  27  3 
1  10  28  2 
1  9  29  1 
2  7  31  1 
2  6  32  2 
2  5  33  3 
2  4  34  4 
2  3  35  5 
2  2  36  6 
2  1  37  7 
2  38  1  1 
2  37  2  2 
2  36  3  3 
2  35  4  4 
2  34  5  5 
2  33  6  6 
2  32  7  7 
2  31  8  8 
2  30  9  9 
2  29  10  10 
2  28  11  11 
2  27  12  12 
2  26  13  13 
2  25  14  14 
2  24  15  15 
1  15  24  15 
1  14  25  14 
1  13  26  13 
1  12  27  12 
1  11  28  11 
1  10  29  10 
1  9  30  9 
1  8  31  8 
1  7  32  7 
1  6  33  6 
1  5  34  5 
1  4  35  4 
1  3  36  3 
1  2  37  2 
1  1  38  1 
2  39  1  1 
2  38  2  2 
2  37  3  3 
2  36  4  4 
2  35  5  5 
2  34  6  6 
2  33  7  7 
2  32  8  8 
2  31  9  9 
2  30  10  10 
2  29  11  11 
2  28  12  12 
2  27  13  13 
2  26  14  14 
2  25  15  15 
1  15  25  15 
1  14  26  14 
1  13  27  13 
1  12  28  12 
1  11  29  11 
1  10  30  10 
1  9  31  9 
1  8  32  8 
1  7  33  7 
1  6  34  6 
1  5  35  5 
1  4  36  4 
1  3  37  3 
1  2  38  2 
1  1  39  1 
2  40  1  1 
2  39  2  2 
2  38  3  3 
2  37  4  4 
2  36  5  5 
2  35  6  6 
2  34  7  7 
2  33  8  8 
2  32  9  9 
2  31  10  10 
2  30  11  11 
2  29  12  12 
2  28  13  13 
2  27  14  14 
2  26  15  15 
1  15  26  15 
1  14  27  14 
1  13  28  13 
1  12  29  12 
1  11  30  11 
1  10  31  10 
1  9  32  9 
1  8  33  8 
1  7  34  7 
1  6  35  6 
1  5  36  5 
1  4  37  4 
1  3  38  3 
1  2  39  2 
1  1  40  1 
2  41  1  1 
2  40  2  2 
2  39  3  3 
2  38  4  4 
2  37  5  5 
2  36  6  6 
2  35  7  7 
2  34  8  8 
2  33  9  9 
2  32  10  10 
2  31  11  11 
2  30  12  12 
2  29  13  13 
2  28  14  14 
2  27  15  15 
1  15  27  15 
1  14  28  14 
1  13  29  13 
1  12  30  12 
1  11  31  11 
1  10  32  10 
1  9  33  9 
1  8  34  8 
1  7  35  7 
1  6  36  6 
1  5  37  5 
1  4  38  4 
1  3  39  3 
1  2  40  2 
1  1  41  1 
2  42  1  1 
2  41  2  2 
2  40  3  3 
2  39  4  4 
2  38  5  5 
2  37  6  6 
2  36  7  7 
2  35  8  8 
2  34  9  9 
2  33  10  10 
2  32  11  11 
2  31  12  12 
2  30  13  13 
2  29  14  14 
2  28  15  15 
1  15  28  15 
1  14  29  14 
1  13  30  13 
1  12  31  12 
1  11  32  11 
1  10  33  10 
1  9  34  9 
1  8  35  8 
1  7  36  7 
1  6  37  6 
1  5  38  5 
1  4  39  4 
1  3  40  3 
1  2  41  2 
1  1  42  1 
2  43  1  1 
2  42  2  2 
2  41  3  3 
2  40  4  4 
2  39  5  5 
2  38  6  6 
2  37  7  7 
2  36  8  8 
2  35  9  9 
2  34  10  10 
2  33  11  11 
2  32  12  12 
2  31  13  13 
2  30  14  14 
2  29  15  15 
1  15  29  15 
1  14  30  14 
1  13  31  13 
1  12  32  12 
1  11  33  11 
1  10  34  10 
1  9  35  9 
1  8  36  8 
1  7  37  7 
1  6  38  6 
1  5  39  5 
1  4  40  4 
1  3  41  3 
1  2  42  2 
1  1  43  1 
2  44  1  1 
2  43  2  2 
2  42  3  3 
2  41  4  4 
2  40  5  5 
2  39  6  6 
2  38  7  7 
2  37  8  8 
2  36  9  9 
2  35  10  10 
2  34  11  11 
2  33  12  12 
2  32  13  13 
2  31  14  14 
2  30  15  15 
1  15  30  15 
1  14  31  14 
1  13  32  13 
1  12  33  12 
1  11  34  11 
1  10  35  10 
1  9  36  9 
1  8  37  8 
1  7  38  7 
1  6  39  6 
1  5  40  5 
1  4  41  4 
1  3  42  3 
1  2  43  2 
1  1  44  1 
1  46  0  1 
2  44  2  1 
2  43  3  2 
2  42  4  3 
2  41  5  4 
2  40  6  5 
2  39  7  6 
2  38  8  7 
2  37  9  8 
2  36  10  9 
2  35  11  10 
2  34  12  11 
2  33  13  12 
2  32  14  13 
2  31  15  14 
1  15  31  14 
1  14  32  13 
1  13  33  12 
1  12  34  11 
1  11  35  10 
1  10  36  9 
1  9  37  8 
1  8  38  7 
1  7  39  6 
1  6  40  5 
1  5  41  4 
1  4  42  3 
1  3  43  2 
1  2  44  1 
2  0  46  1 
1  47  0  2 
1  46  1  1 
2  44  3  1 
2  43  4  2 
2  42  5  3 
2  41  6  4 
2  40  7  5 
2  39  8  6 
2  38  9  7 
2  37  10  8 
2  36  11  9 
2  35  12  10 
2  34  13  11 
2  33  14  12 
2  32  15  13 
2  31  16  14 
1  16  31  14 
1  15  32  13 
1  14  33  12 
1  13  34  11 
1  12  35  10 
1  11  36  9 
1  10  37  8 
1  9  38  7 
1  8  39  6 
1  7  40  5 
1  6  41  4 
1  5  42  3 
1  4  43  2 
1  3  44  1 
2  1  46  1 
2  0  47  2 
1  48  0  3 
1  47  1  2 
1  46  2  1 
2  44  4  1 
2  43  5  2 
2  42  6  3 
2  41  7  4 
2  40  8  5 
2  39  9  6 
2  38  10  7 
2  37  11  8 
2  36  12  9 
2  35  13  10 
2  34  14  11 
2  33  15  12 
2  32  16  13 
2  31  17  14 
1  17  31  14 
1  16  32  13 
1  15  33  12 
1  14  34  11 
1  13  35  10 
1  12  36  9 
1  11  37  8 
1  10  38  7 
1  9  39  6 
1  8  40  5 
1  7  41  4 
1  6  42  3 
1  5  43  2 
1  4  44  1 
2  2  46  1 
2  1  47  2 
2  0  48  3 
1  49  0  4 
1  48  1  3 
1  47  2  2 
1  46  3  1 
2  44  5  1 
2  43  6  2 
2  42  7  3 
2  41  8  4 
2  40  9  5 
2  39  10  6 
2  38  11  7 
2  37  12  8 
2  36  13  9 
2  35  14  10 
2  34  15  11 
2  33  16  12 
2  32  17  13 
2  31  18  14 
1  18  31  14 
1  17  32  13 
1  16  33  12 
1  15  34  11 
1  14  35  10 
1  13  36  9 
1  12  37  8 
1  11  38  7 
1  10  39  6 
1  9  40  5 
1  8  41  4 
1  7  42  3 
1  6  43  2 
1  5  44  1 
2  3  46  1 
2  2  47  2 
2  1  48  3 
2  0  49  4 
1  50  0  5 
1  49  1  4 
1  48  2  3 
1  47  3  2 
1  46  4  1 
2  44  6  1 
2  43  7  2 
2  42  8  3 
2  41  9  4 
2  40  10  5 
2  39  11  6 
2  38  12  7 
2  37  13  8 
2  36  14  9 
2  35  15  10 
2  34  16  11 
2  33  17  12 
2  32  18  13 
2  31  19  14 
1  19  31  14 
1  18  32  13 
1  17  33  12 
1  16  34  11 
1  15  35  10 
1  14  36  9 
1  13  37  8 
1  12  38  7 
1  11  39  6 
1  10  40  5 
1  9  41  4 
1  8  42  3 
1  7  43  2 
1  6  44  1 
2  4  46  1 
2  3  47  2 
2  2  48  3 
2  1  49  4 
2  0  50  5 
1  51  0  6 
1  50  1  5 
1  49  2  4 
1  48  3  3 
1  47  4  2 
1  46  5  1 
2  44  7  1 
2  43  8  2 
2  42  9  3 
2  41  10  4 
2  40  11  5 
2  39  12  6 
2  38  13  7 
2  37  14  8 
2  36  15  9 
2  35  16  10 
2  34  17  11 
2  33  18  12 
2  32  19  13 
2  31  20  14 
1  20  31  14 
1  19  32  13 
1  18  33  12 
1  17  34  11 
1  16  35  10 
1  15  36  9 
1  14  37  8 
1  13  38  7 
1  12  39  6 
1  11  40  5 
1  10  41  4 
1  9  42  3 
1  8  43  2 
1  7  44  1 
2  5  46  1 
2  4  47  2 
2  3  48  3 
2  2  49  4 
2  1  50  5 
2  0  51  6 
1  52  0  7 
1  51  1  6 
1  50  2  5 
1  49  3  4 
1  48  4  3 
1  47  5  2 
1  46  6  1 
2  44  8  1 
2  43  9  2 
2  42  10  3 
2  41  11  4 
2  40  12  5 
2  39  13  6 
2  38  14  7 
2  37  15  8 
2  36  16  9 
2  35  17  10 
2  34  18  11 
2  33  19  12 
2  32  20  13 
2  31  21  14 
1  21  31  14 
1  20  32  13 
1  19  33  12 
1  18  34  11 
1  17  35  10 
1  16  36  9 
1  15  37  8 
1  14  38  7 
1  13  39  6 
1  12  40  5 
1  11  41  4 
1  10  42  3 
1  9  43  2 
1  8  44  1 
2  6  46  1 
2  5  47  2 
2  4  48  3 
2  3  49  4 
2  2  50  5 
2  1  51  6 
2  0  52  7 
1  53  0  8 
1  52  1  7 
1  51  2  6 
1  50  3  5 
1  49  4  4 
1  48  5  3 
1  47  6  2 
1  46  7  1 
2  44  9  1 
2  43  10  2 
2  42  11  3 
2  41  12  4 
2  40  13  5 
2  39  14  6 
2  38  15  7 
2  37  16  8 
2  36  17  9 
2  35  18  10 
2  34  19  11 
2  33  20  12 
2  32  21  13 
2  31  22  14 
1  22  31  14 
1  21  32  13 
1  20  33  12 
1  19  34  11 
1  18  35  10 
1  17  36  9 
1  16  37  8 
1  15  38  7 
1  14  39  6 
1  13  40  5 
1  12  41  4 
1  11  42  3 
1  10  43  2 
1  9  44  1 
2  7  46  1 
2  6  47  2 
2  5  48  3 
2  4  49  4 
2  3  50  5 
2  2  51  6 
2  1  52  7 
2  0  53  8 
2  53  1  1 
2  52  2  2 
1  51  3  6 
1  50  4  5 
1  49  5  4 
1  48  6  3 
1  47  7  2 
1  46  8  1 
2  44  10  1 
2  43  11  2 
2  42  12  3 
2  41  13  4 
2  40  14  5 
2  39  15  6 
2  38  16  7 
2  37  17  8 
2  36  18  9 
2  35  19  10 
2  34  20  11 
2  33  21  12 
2  32  22  13 
2  31  23  14 
1  23  31  14 
1  22  32  13 
1  21  33  12 
1  20  34  11 
1  19  35  10 
1  18  36  9 
1  17  37  8 
1  16  38  7 
1  15  39  6 
1  14  40  5 
1  13  41  4 
1  12  42  3 
1  11  43  2 
1  10  44  1 
2  8  46  1 
2  7  47  2 
2  6  48  3 
2  5  49  4 
2  4  50  5 
2  3  51  6 
1  2  52  2 
1  1  53  1 
2  54  1  1 
2  53  2  2 
2  52  3  3 
2  51  4  4 
2  50  5  5 
2  49  6  6 
2  48  7  7 
2  47  8  8 
2  46  9  9 
2  45  10  10 
2  44  11  11 
2  43  12  12 
2  42  13  13 
2  41  14  14 
2  40  15  15 
2  39  16  16 
2  38  17  17 
2  37  18  18 
2  36  19  19 
2  35  20  20 
2  34  21  21 
2  33  22  22 
2  32  23  23 
2  31  24  24 
1  24  31  24 
1  23  32  23 
1  22  33  22 
1  21  34  21 
1  20  35  20 
1  19  36  19 
1  18  37  18 
1  17  38  17 
1  16  39  16 
1  15  40  15 
1  14  41  14 
1  13  42  13 
1  12  43  12 
1  11  44  11 
1  10  45  10 
1  9  46  9 
1  8  47  8 
1  7  48  7 
1  6  49  6 
1  5  50  5 
1  4  51  4 
1  3  52  3 
1  2  53  2 
1  1  54  1 
2  55  1  1 
2  54  2  2 
2  53  3  3 
2  52  4  4 
2  51  5  5 
2  50  6  6 
2  49  7  7 
2  48  8  8 
2  47  9  9 
2  46  10  10 
2  45  11  11 
2  44  12  12 
2  43  13  13 
2  42  14  14 
2  41  15  15 
2  40  16  16 
2  39  17  17 
2  38  18  18 
2  37  19  19 
2  36  20  20 
2  35  21  21 
2  34  22  22 
2  33  23  23 
2  32  24  24 
2  31  25  25 
1  25  31  25 
1  24  32  24 
1  23  33  23 
1  22  34  22 
1  21  35  21 
1  20  36  20 
1  19  37  19 
1  18  38  18 
1  17  39  17 
1  16  40  16 
1  15  41  15 
1  14  42  14 
1  13  43  13 
1  12  44  12 
1  11  45  11 
1  10  46  10 
1  9  47  9 
1  8  48  8 
1  7  49  7 
1  6  50  6 
1  5  51  5 
1  4  52  4 
1  3  53  3 
1  2  54  2 
1  1  55  1 
2  56  1  1 
2  55  2  2 
2  54  3  3 
2  53  4  4 
2  52  5  5 
2  51  6  6 
2  50  7  7 
2  49  8  8 
2  48  9  9 
2  47  10  10 
2  46  11  11 
2  45  12  12 
2  44  13  13 
2  43  14  14 
2  42  15  15 
2  41  16  16 
2  40  17  17 
2  39  18  18 
2  38  19  19 
2  37  20  20 
2  36  21  21 
2  35  22  22 
2  34  23  23 
2  33  24  24 
2  32  25  25 
2  31  26  26 
1  26  31  26 
1  25  32  25 
1  24  33  24 
1  23  34  23 
1  22  35  22 
1  21  36  21 
1  20  37  20 
1  19  38  19 
1  18  39  18 
1  17  40  17 
1  16  41  16 
1  15  42  15 
1  14  43  14 
1  13  44  13 
1  12  45  12 
1  11  46  11 
1  10  47  10 
1  9  48  9 
1  8  49  8 
1  7  50  7 
1  6  51  6 
1  5  52  5 
1  4  53  4 
1  3  54  3 
1  2  55  2 
1  1  56  1 
2  57  1  1 
2  56  2  2 
2  55  3  3 
2  54  4  4 
2  53  5  5 
2  52  6  6 
2  51  7  7 
2  50  8  8 
2  49  9  9 
2  48  10  10 
2  47  11  11 
2  46  12  12 
2  45  13  13 
2  44  14  14 
2  43  15  15 
2  42  16  16 
2  41  17  17 
2  40  18  18 
2  39  19  19 
2  38  20  20 
2  37  21  21 
2  36  22  22 
2  35  23  23 
2  34  24  24 
2  33  25  25 
2  32  26  26 
2  31  27  27 
1  27  31  27 
1  26  32  26 
1  25  33  25 
1  24  34  24 
1  23  35  23 
1  22  36  22 
1  21  37  21 
1  20  38  20 
1  19  39  19 
1  18  40  18 
1  17  41  17 
1  16  42  16 
1  15  43  15 
1  14  44  14 
1  13  45  13 
1  12  46  12 
1  11  47  11 
1  10  48  10 
1  9  49  9 
1  8  50  8 
1  7  51  7 
1  6  52  6 
1  5  53  5 
1  4  54  4 
1  3  55  3 
1  2  56  2 
1  1  57  1 
2  58  1  1 
2  57  2  2 
2  56  3  3 
2  55  4  4 
2  54  5  5 
2  53  6  6 
2  52  7  7 
2  51  8  8 
2  50  9  9 
2  49  10  10 
2  48  11  11 
2  47  12  12 
2  46  13  13 
2  45  14  14 
2  44  15  15 
2  43  16  16 
2  42  17  17 
2  41  18  18 
2  40  19  19 
2  39  20  20 
2  38  21  21 
2  37  22  22 
2  36  23  23 
2  35  24  24 
2  34  25  25 
2  33  26  26 
2  32  27  27 
2  31  28  28 
1  28  31  28 
1  27  32  27 
1  26  33  26 
1  25  34  25 
1  24  35  24 
1  23  36  23 
1  22  37  22 
1  21  38  21 
1  20  39  20 
1  19  40  19 
1  18  41  18 
1  17  42  17 
1  16  43  16 
1  15  44  15 
1  14  45  14 
1  13  46  13 
1  12  47  12 
1  11  48  11 
1  10  49  10 
1  9  50  9 
1  8  51  8 
1  7  52  7 
1  6  53  6 
1  5  54  5 
1  4  55  4 
1  3  56  3 
1  2  57  2 
1  1  58  1 
2  59  1  1 
2  58  2  2 
2  57  3  3 
2  56  4  4 
2  55  5  5 
2  54  6  6 
2  53  7  7 
2  52  8  8 
2  51  9  9 
2  50  10  10 
2  49  11  11 
2  48  12  12 
2  47  13  13 
2  46  14  14 
2  45  15  15 
2  44  16  16 
2  43  17  17 
2  42  18  18 
2  41  19  19 
2  40  20  20 
2  39  21  21 
2  38  22  22 
2  37  23  23 
2  36  24  24 
2  35  25  25 
2  34  26  26 
2  33  27  27 
2  32  28  28 
2  31  29  29 
1  29  31  29 
1  28  32  28 
1  27  33  27 
1  26  34  26 
1  25  35  25 
1  24  36  24 
1  23  37  23 
1  22  38  22 
1  21  39  21 
1  20  40  20 
1  19  41  19 
1  18  42  18 
1  17  43  17 
1  16  44  16 
1  15  45  15 
1  14  46  14 
1  13  47  13 
1  12  48  12 
1  11  49  11 
1  10  50  10 
1  9  51  9 
1  8  52  8 
1  7  53  7 
1  6  54  6 
1  5  55  5 
1  4  56  4 
1  3  57  3 
1  2  58  2 
1  1  59  1 
1  61  0  1 
2  59  2  1 
2  58  3  2 
2  57  4  3 
2  56  5  4 
2  55  6  5 
2  54  7  6 
2  53  8  7 
2  52  9  8 
2  51  10  9 
2  50  11  10 
2  49  12  11 
2  48  13  12 
2  47  14  13 
2  46  15  14 
2  45  16  15 
2  44  17  16 
2  43  18  17 
2  42  19  18 
2  41  20  19 
2  40  21  20 
2  39  22  21 
2  38  23  22 
2  37  24  23 
2  36  25  24 
2  35  26  25 
2  34  27  26 
2  33  28  27 
2  32  29  28 
2  31  30  29 
1  30  31  29 
1  29  32  28 
1  28  33  27 
1  27  34  26 
1  26  35  25 
1  25  36  24 
1  24  37  23 
1  23  38  22 
1  22  39  21 
1  21  40  20 
1  20  41  19 
1  19  42  18 
1  18  43  17 
1  17  44  16 
1  16  45  15 
1  15  46  14 
1  14  47  13 
1  13  48  12 
1  12  49  11 
1  11  50  10 
1  10  51  9 
1  9  52  8 
1  8  53  7 
1  7  54  6 
1  6  55  5 
1  5  56  4 
1  4  57  3 
1  3  58  2 
1  2  59  1 
2  0  61  1 
1  62  0  2 
1  61  1  1 
2  59  3  1 
2  58  4  2 
2  57  5  3 
2  56  6  4 
2  55  7  5 
2  54  8  6 
2  53  9  7 
2  52  10  8 
2  51  11  9 
2  50  12  10 
2  49  13  11 
2  48  14  12 
2  47  15  13 
2  46  16  14 
2  45  17  15 
2  44  18  16 
2  43  19  17 
2  42  20  18 
2  41  21  19 
2  40  22  20 
2  39  23  21 
2  38  24  22 
2  37  25  23 
2  36  26  24 
2  35  27  25 
2  34  28  26 
2  33  29  27 
2  32  30  28 
1  30  32  28 
1  29  33  27 
1  28  34  26 
1  27  35  25 
1  26  36  24 
1  25  37  23 
1  24  38  22 
1  23  39  21 
1  22  40  20 
1  21  41  19 
1  20  42  18 
1  19  43  17 
1  18  44  16 
1  17  45  15 
1  16  46  14 
1  15  47  13 
1  14  48  12 
1  13  49  11 
1  12  50  10 
1  11  51  9 
1  10  52  8 
1  9  53  7 
1  8  54  6 
1  7  55  5 
1  6  56  4 
1  5  57  3 
1  4  58  2 
1  3  59  1 
2  1  61  1 
2  0  62  2 
1  63  0  3 
1  62  1  2 
1  61  2  1 
2  59  4  1 
2  58  5  2 
2  57  6  3 
2  56  7  4 
2  55  8  5 
2  54  9  6 
2  53  10  7 
2  52  11  8 
2  51  12  9 
2  50  13  10 
2  49  14  11 
2  48  15  12 
2  47  16  13 
2  46  17  14 
2  45  18  15 
2  44  19  16 
2  43  20  17 
2  42  21  18 
2  41  22  19 
2  40  23  20 
2  39  24  21 
2  38  25  22 
2  37  26  23 
2  36  27  24 
2  35  28  25 
2  34  29  26 
2  33  30  27 
1  30  33  27 
1  29  34  26 
1  28  35  25 
1  27  36  24 
1  26  37  23 
1  25  38  22 
1  24  39  21 
1  23  40  20 
1  22  41  19 
1  21  42  18 
1  20  43  17 
1  19  44  16 
1  18  45  15 
1  17  46  14 
1  16  47  13 
1  15  48  12 
1  14  49  11 
1  13  50  10 
1  12  51  9 
1  11  52  8 
1  10  53  7 
1  9  54  6 
1  8  55  5 
1  7  56  4 
1  6  57  3 
1  5  58  2 
1  4  59  1 
2  2  61  1 
2  1  62  2 
2  0  63  3 
1  64  0  4 
1  63  1  3 
1  62  2  2 
1  61  3  1 
2  59  5  1 
2  58  6  2 
2  57  7  3 
2  56  8  4 
2  55  9  5 
2  54  10  6 
2  53  11  7 
2  52  12  8 
2  51  13  9 
2  50  14  10 
2  49  15  11 
2  48  16  12 
2  47  17  13 
2  46  18  14 
2  45  19  15 
2  44  20  16 
2  43  21  17 
2  42  22  18 
2  41  23  19 
2  40  24  20 
2  39  25  21 
2  38  26  22 
2  37  27  23 
2  36  28  24 
2  35  29  25 
2  34  30  26 
1  30  34  26 
1  29  35  25 
1  28  36  24 
1  27  37  23 
1  26  38  22 
1  25  39  21 
1  24  40  20 
1  23  41  19 
1  22  42  18 
1  21  43  17 
1  20  44  16 
1  19  45  15 
1  18  46  14 
1  17  47  13 
1  16  48  12 
1  15  49  11 
1  14  50  10 
1  13  51  9 
1  12  52  8 
1  11  53  7 
1  10  54  6 
1  9  55  5 
1  8  56  4 
1  7  57  3 
1  6  58  2 
1  5  59  1 
2  3  61  1 
2  2  62  2 
2  1  63  3 
2  0  64  4 
1  65  0  5 
1  64  1  4 
1  63  2  3 
1  62  3  2 
1  61  4  1 
2  59  6  1 
2  58  7  2 
2  57  8  3 
2  56  9  4 
2  55  10  5 
2  54  11  6 
2  53  12  7 
2  52  13  8 
2  51  14  9 
2  50  15  10 
2  49  16  11 
2  48  17  12 
2  47  18  13 
2  46  19  14 
2  45  20  15 
2  44  21  16 
2  43  22  17 
2  42  23  18 
2  41  24  19 
2  40  25  20 
2  39  26  21 
2  38  27  22 
2  37  28  23 
2  36  29  24 
2  35  30  25 
1  30  35  25 
1  29  36  24 
1  28  37  23 
1  27  38  22 
1  26  39  21 
1  25  40  20 
1  24  41  19 
1  23  42  18 
1  22  43  17 
1  21  44  16 
1  20  45  15 
1  19  46  14 
1  18  47  13 
1  17  48  12 
1  16  49  11 
1  15  50  10 
1  14  51  9 
1  13  52  8 
1  12  53  7 
1  11  54  6 
1  10  55  5 
1  9  56  4 
1  8  57  3 
1  7  58  2 
1  6  59  1 
2  4  61  1 
2  3  62  2 
2  2  63  3 
2  1  64  4 
2  0  65  5 
1  66  0  6 
1  65  1  5 
1  64  2  4 
1  63  3  3 
1  62  4  2 
1  61  5  1 
2  59  7  1 
2  58  8  2 
2  57  9  3 
2  56  10  4 
2  55  11  5 
2  54  12  6 
2  53  13  7 
2  52  14  8 
2  51  15  9 
2  50  16  10 
2  49  17  11 
2  48  18  12 
2  47  19  13 
2  46  20  14 
2  45  21  15 
2  44  22  16 
2  43  23  17 
2  42  24  18 
2  41  25  19 
2  40  26  20 
2  39  27  21 
2  38  28  22 
2  37  29  23 
2  36  30  24 
1  30  36  24 
1  29  37  23 
1  28  38  22 
1  27  39  21 
1  26  40  20 
1  25  41  19 
1  24  42  18 
1  23  43  17 
1  22  44  16 
1  21  45  15 
1  20  46  14 
1  19  47  13 
1  18  48  12 
1  17  49  11 
1  16  50  10 
1  15  51  9 
1  14  52  8 
1  13  53  7 
1  12  54  6 
1  11  55  5 
1  10  56  4 
1  9  57  3 
1  8  58  2 
1  7  59  1 
2  5  61  1 
2  4  62  2 
2  3  63  3 
2  2  64  4 
2  1  65  5 
2  0  66  6 
1  67  0  7 
1  66  1  6 
1  65  2  5 
1  64  3  4 
1  63  4  3 
1  62  5  2 
1  61  6  1 
2  59  8  1 
2  58  9  2 
2  57  10  3 
2  56  11  4 
2  55  12  5 
2  54  13  6 
2  53  14  7 
2  52  15  8 
2  51  16  9 
2  50  17  10 
2  49  18  11 
2  48  19  12 
2  47  20  13 
2  46  21  14 
2  45  22  15 
2  44  23  16 
2  43  24  17 
2  42  25  18 
2  41  26  19 
2  40  27  20 
2  39  28  21 
2  38  29  22 
2  37  30  23 
1  30  37  23 
1  29  38  22 
1  28  39  21 
1  27  40  20 
1  26  41  19 
1  25  42  18 
1  24  43  17 
1  23  44  16 
1  22  45  15 
1  21  46  14 
1  20  47  13 
1  19  48  12 
1  18  49  11 
1  17  50  10 
1  16  51  9 
1  15  52  8 
1  14  53  7 
1  13  54  6 
1  12  55  5 
1  11  56  4 
1  10  57  3 
1  9  58  2 
1  8  59  1 
2  6  61  1 
2  5  62  2 
2  4  63  3 
2  3  64  4 
2  2  65  5 
2  1  66  6 
2  0  67  7 
1  68  0  8 
1  67  1  7 
1  66  2  6 
1  65  3  5 
1  64  4  4 
1  63  5  3 
1  62  6  2 
1  61  7  1 
2  59  9  1 
2  58  10  2 
2  57  11  3 
2  56  12  4 
2  55  13  5 
2  54  14  6 
2  53  15  7 
2  52  16  8 
2  51  17  9 
2  50  18  10 
2  49  19  11 
2  48  20  12 
2  47  21  13 
2  46  22  14 
2  45  23  15 
2  44  24  16 
2  43  25  17 
2  42  26  18 
2  41  27  19 
2  40  28  20 
2  39  29  21 
2  38  30  22 
1  30  38  22 
1  29  39  21 
1  28  40  20 
1  27  41  19 
1  26  42  18 
1  25  43  17 
1  24  44  16 
1  23  45  15 
1  22  46  14 
1  21  47  13 
1  20  48  12 
1  19  49  11 
1  18  50  10 
1  17  51  9 
1  16  52  8 
1  15  53  7 
1  14  54  6 
1  13  55  5 
1  12  56  4 
1  11  57  3 
1  10  58  2 
1  9  59  1 
2  7  61  1 
2  6  62  2 
2  5  63  3 
2  4  64  4 
2  3  65  5 
2  2  66  6 
2  1  67  7 
2  0  68  8 
1  69  0  9 
1  68  1  8 
1  67  2  7 
1  66  3  6 
1  65  4  5 
1  64  5  4 
1  63  6  3 
1  62  7  2 
1  61  8  1 
2  59  10  1 
2  58  11  2 
2  57  12  3 
2  56  13  4 
2  55  14  5 
2  54  15  6 
2  53  16  7 
2  52  17  8 
2  51  18  9 
2  50  19  10 
2  49  20  11 
2  48  21  12 
2  47  22  13 
2  46  23  14 
2  45  24  15 
2  44  25  16 
2  43  26  17 
2  42  27  18 
2  41  28  19 
2  40  29  20 
2  39  30  21 
1  30  39  21 
1  29  40  20 
1  28  41  19 
1  27  42  18 
1  26  43  17 
1  25  44  16 
1  24  45  15 
1  23  46  14 
1  22  47  13 
1  21  48  12 
1  20  49  11 
1  19  50  10 
1  18  51  9 
1  17  52  8 
1  16  53  7 
1  15  54  6 
1  14  55  5 
1  13  56  4 
1  12  57  3 
1  11  58  2 
1  10  59  1 
2  8  61  1 
2  7  62  2 
2  6  63  3 
2  5  64  4 
2  4  65  5 
2  3  66  6 
2  2  67  7 
2  1  68  8 
2  0  69  9 
1  70  0  10 
1  69  1  9 
1  68  2  8 
1  67  3  7 
1  66  4  6 
1  65  5  5 
1  64  6  4 
1  63  7  3 
1  62  8  2 
1  61  9  1 
2  59  11  1 
2  58  12  2 
2  57  13  3 
2  56  14  4 
2  55  15  5 
2  54  16  6 
2  53  17  7 
2  52  18  8 
2  51  19  9 
2  50  20  10 
2  49  21  11 
2  48  22  12 
2  47  23  13 
2  46  24  14 
2  45  25  15 
2  44  26  16 
2  43  27  17 
2  42  28  18 
2  41  29  19 
2  40  30  20 
1  30  40  20 
1  29  41  19 
1  28  42  18 
1  27  43  17 
1  26  44  16 
1  25  45  15 
1  24  46  14 
1  23  47  13 
1  22  48  12 
1  21  49  11 
1  20  50  10 
1  19  51  9 
1  18  52  8 
1  17  53  7 
1  16  54  6 
1  15  55  5 
1  14  56  4 
1  13  57  3 
1  12  58  2 
1  11  59  1 
2  9  61  1 
2  8  62  2 
2  7  63  3 
2  6  64  4 
2  5  65  5 
2  4  66  6 
2  3  67  7 
2  2  68  8 
2  1  69  9 
2  0  70  10 
1  71  0  11 
1  70  1  10 
1  69  2  9 
1  68  3  8 
1  67  4  7 
1  66  5  6 
1  65  6  5 
1  64  7  4 
1  63  8  3 
1  62  9  2 
1  61  10  1 
2  59  12  1 
2  58  13  2 
2  57  14  3 
2  56  15  4 
2  55  16  5 
2  54  17  6 
2  53  18  7 
2  52  19  8 
2  51  20  9 
2  50  21  10 
2  49  22  11 
2  48  23  12 
2  47  24  13 
2  46  25  14 
2  45  26  15 
2  44  27  16 
2  43  28  17 
2  42  29  18 
2  41  30  19 
1  30  41  19 
1  29  42  18 
1  28  43  17 
1  27  44  16 
1  26  45  15 
1  25  46  14 
1  24  47  13 
1  23  48  12 
1  22  49  11 
1  21  50  10 
1  20  51  9 
1  19  52  8 
1  18  53  7 
1  17  54  6 
1  16  55  5 
1  15  56  4 
1  14  57  3 
1  13  58  2 
1  12  59  1 
2  10  61  1 
2  9  62  2 
2  8  63  3 
2  7  64  4 
2  6  65  5 
2  5  66  6 
2  4  67  7 
2  3  68  8 
2  2  69  9 
2  1  70  10 
2  0  71  11 
2  71  1  1 
2  70  2  2 
2  69  3  3 
2  68  4  4 
2  67  5  5 
2  66  6  6 
2  65  7  7 
2  64  8  8 
2  63  9  9 
1  62  10  2 
1  61  11  1 
2  59  13  1 
2  58  14  2 
2  57  15  3 
2  56  16  4 
2  55  17  5 
2  54  18  6 
2  53  19  7 
2  52  20  8 
2  51  21  9 
2  50  22  10 
2  49  23  11 
2  48  24  12 
2  47  25  13 
2  46  26  14 
2  45  27  15 
2  44  28  16 
2  43  29  17 
2  42  30  18 
1  30  42  18 
1  29  43  17 
1  28  44  16 
1  27  45  15 
1  26  46  14 
1  25  47  13 
1  24  48  12 
1  23  49  11 
1  22  50  10 
1  21  51  9 
1  20  52  8 
1  19  53  7 
1  18  54  6 
1  17  55  5 
1  16  56  4 
1  15  57  3 
1  14  58  2 
1  13  59  1 
2  11  61  1 
1  10  62  10 
1  9  63  9 
1  8  64  8 
1  7  65  7 
1  6  66  6 
1  5  67  5 
1  4  68  4 
1  3  69  3 
1  2  70  2 
1  1  71  1 
2  72  1  1 
2  71  2  2 
2  70  3  3 
2  69  4  4 
2  68  5  5 
2  67  6  6 
2  66  7  7 
2  65  8  8 
2  64  9  9 
2  63  10  10 
2  62  11  11 
2  61  12  12 
2  60  13  13 
2  59  14  14 
2  58  15  15 
2  57  16  16 
2  56  17  17 
2  55  18  18 
2  54  19  19 
2  53  20  20 
2  52  21  21 
2  51  22  22 
2  50  23  23 
2  49  24  24 
2  48  25  25 
2  47  26  26 
2  46  27  27 
2  45  28  28 
2  44  29  29 
2  43  30  30 
1  30  43  30 
1  29  44  29 
1  28  45  28 
1  27  46  27 
1  26  47  26 
1  25  48  25 
1  24  49  24 
1  23  50  23 
1  22  51  22 
1  21  52  21 
1  20  53  20 
1  19  54  19 
1  18  55  18 
1  17  56  17 
1  16  57  16 
1  15  58  15 
1  14  59  14 
1  13  60  13 
1  12  61  12 
1  11  62  11 
1  10  63  10 
1  9  64  9 
1  8  65  8 
1  7  66  7 
1  6  67  6 
1  5  68  5 
1  4  69  4 
1  3  70  3 
1  2  71  2 
1  1  72  1 
2  73  1  1 
2  72  2  2 
2  71  3  3 
2  70  4  4 
2  69  5  5 
2  68  6  6 
2  67  7  7 
2  66  8  8 
2  65  9  9 
2  64  10  10 
2  63  11  11 
2  62  12  12 
2  61  13  13 
2  60  14  14 
2  59  15  15 
2  58  16  16 
2  57  17  17 
2  56  18  18 
2  55  19  19 
2  54  20  20 
2  53  21  21 
2  52  22  22 
2  51  23  23 
2  50  24  24 
2  49  25  25 
2  48  26  26 
2  47  27  27 
2  46  28  28 
2  45  29  29 
2  44  30  30 
1  30  44  30 
1  29  45  29 
1  28  46  28 
1  27  47  27 
1  26  48  26 
1  25  49  25 
1  24  50  24 
1  23  51  23 
1  22  52  22 
1  21  53  21 
1  20  54  20 
1  19  55  19 
1  18  56  18 
1  17  57  17 
1  16  58  16 
1  15  59  15 
1  14  60  14 
1  13  61  13 
1  12  62  12 
1  11  63  11 
1  10  64  10 
1  9  65  9 
1  8  66  8 
1  7  67  7 
1  6  68  6 
1  5  69  5 
1  4  70  4 
1  3  71  3 
1  2  72  2 
1  1  73  1 
2  74  1  1 
2  73  2  2 
2  72  3  3 
2  71  4  4 
2  70  5  5 
2  69  6  6 
2  68  7  7 
2  67  8  8 
2  66  9  9 
2  65  10  10 
2  64  11  11 
2  63  12  12 
2  62  13  13 
2  61  14  14 
2  60  15  15 
2  59  16  16 
2  58  17  17 
2  57  18  18 
2  56  19  19 
2  55  20  20 
2  54  21  21 
2  53  22  22 
2  52  23  23 
2  51  24  24 
2  50  25  25 
2  49  26  26 
2  48  27  27 
2  47  28  28 
2  46  29  29 
2  45  30  30 
1  30  45  30 
1  29  46  29 
1  28  47  28 
1  27  48  27 
1  26  49  26 
1  25  50  25 
1  24  51  24 
1  23  52  23 
1  22  53  22 
1  21  54  21 
1  20  55  20 
1  19  56  19 
1  18  57  18 
1  17  58  17 
1  16  59  16 
1  15  60  15 
1  14  61  14 
1  13  62  13 
1  12  63  12 
1  11  64  11 
1  10  65  10 
1  9  66  9 
1  8  67  8 
1  7  68  7 
1  6  69  6 
1  5  70  5 
1  4  71  4 
1  3  72  3 
1  2  73  2 
1  1  74  1 
1  76  0  1 
2  74  2  1 
2  73  3  2 
2  72  4  3 
2  71  5  4 
2  70  6  5 
2  69  7  6 
2  68  8  7 
2  67  9  8 
2  66  10  9 
2  65  11  10 
2  64  12  11 
2  63  13  12 
2  62  14  13 
2  61  15  14 
2  60  16  15 
2  59  17  16 
2  58  18  17 
2  57  19  18 
2  56  20  19 
2  55  21  20 
2  54  22  21 
2  53  23  22 
2  52  24  23 
2  51  25  24 
2  50  26  25 
2  49  27  26 
2  48  28  27 
2  47  29  28 
2  46  30  29 
1  30  46  29 
1  29  47  28 
1  28  48  27 
1  27  49  26 
1  26  50  25 
1  25  51  24 
1  24  52  23 
1  23  53  22 
1  22  54  21 
1  21  55  20 
1  20  56  19 
1  19  57  18 
1  18  58  17 
1  17  59  16 
1  16  60  15 
1  15  61  14 
1  14  62  13 
1  13  63  12 
1  12  64  11 
1  11  65  10 
1  10  66  9 
1  9  67  8 
1  8  68  7 
1  7  69  6 
1  6  70  5 
1  5  71  4 
1  4  72  3 
1  3  73  2 
1  2  74  1 
2  0  76  1 
1  77  0  2 
1  76  1  1 
2  74  3  1 
2  73  4  2 
2  72  5  3 
2  71  6  4 
2  70  7  5 
2  69  8  6 
2  68  9  7 
2  67  10  8 
2  66  11  9 
2  65  12  10 
2  64  13  11 
2  63  14  12 
2  62  15  13 
2  61  16  14 
2  60  17  15 
2  59  18  16 
2  58  19  17 
2  57  20  18 
2  56  21  19 
2  55  22  20 
2  54  23  21 
2  53  24  22 
2  52  25  23 
2  51  26  24 
2  50  27  25 
2  49  28  26 
2  48  29  27 
2  47  30  28 
2  46  31  29 
1  31  46  29 
1  30  47  28 
1  29  48  27 
1  28  49  26 
1  27  50  25 
1  26  51  24 
1  25  52  23 
1  24  53  22 
1  23  54  21 
1  22  55  20 
1  21  56  19 
1  20  57  18 
1  19  58  17 
1  18  59  16 
1  17  60  15 
1  16  61  14 
1  15  62  13 
1  14  63  12 
1  13  64  11 
1  12  65  10 
1  11  66  9 
1  10  67  8 
1  9  68  7 
1  8  69  6 
1  7  70  5 
1  6  71  4 
1  5  72  3 
1  4  73  2 
1  3  74  1 
2  1  76  1 
2  0  77  2 
1  78  0  3 
1  77  1  2 
1  76  2  1 
2  74  4  1 
2  73  5  2 
2  72  6  3 
2  71  7  4 
2  70  8  5 
2  69  9  6 
2  68  10  7 
2  67  11  8 
2  66  12  9 
2  65  13  10 
2  64  14  11 
2  63  15  12 
2  62  16  13 
2  61  17  14 
2  60  18  15 
2  59  19  16 
2  58  20  17 
2  57  21  18 
2  56  22  19 
2  55  23  20 
2  54  24  21 
2  53  25  22 
2  52  26  23 
2  51  27  24 
2  50  28  25 
2  49  29  26 
2  48  30  27 
2  47  31  28 
2  46  32  29 
1  32  46  29 
1  31  47  28 
1  30  48  27 
1  29  49  26 
1  28  50  25 
1  27  51  24 
1  26  52  23 
1  25  53  22 
1  24  54  21 
1  23  55  20 
1  22  56  19 
1  21  57  18 
1  20  58  17 
1  19  59  16 
1  18  60  15 
1  17  61  14 
1  16  62  13 
1  15  63  12 
1  14  64  11 
1  13  65  10 
1  12  66  9 
1  11  67  8 
1  10  68  7 
1  9  69  6 
1  8  70  5 
1  7  71  4 
1  6  72  3 
1  5  73  2 
1  4  74  1 
2  2  76  1 
2  1  77  2 
2  0  78  3 
1  78  1  3 
1  77  2  2 
1  76  3  1 
2  74  5  1 
2  73  6  2 
2  72  7  3 
2  71  8  4 
2  70  9  5 
2  69  10  6 
2  68  11  7 
2  67  12  8 
2  66  13  9 
2  65  14  10 
2  64  15  11 
2  63  16  12 
2  62  17  13 
2  61  18  14 
2  60  19  15 
2  59  20  16 
2  58  21  17 
2  57  22  18 
2  56  23  19 
2  55  24  20 
2  54  25  21 
2  53  26  22 
2  52  27  23 
2  51  28  24 
2  50  29  25 
2  49  30  26 
2  48  31  27 
2  47  32  28 
2  46  33  29 
1  33  46  29 
1  32  47  28 
1  31  48  27 
1  30  49  26 
1  29  50  25 
1  28  51  24 
1  27  52  23 
1  26  53  22 
1  25  54  21 
1  24  55  20 
1  23  56  19 
1  22  57  18 
1  21  58  17 
1  20  59  16 
1  19  60  15 
1  18  61  14 
1  17  62  13 
1  16  63  12 
1  15  64  11 
1  14  65  10 
1  13  66  9 
1  12  67  8 
1  11  68  7 
1  10  69  6 
1  9  70  5 
1  8  71  4 
1  7  72  3 
1  6  73  2 
1  5  74  1 
2  3  76  1 
2  2  77  2 
2  1  78  3 
2  79  1  1 
2  78  2  2 
2  77  3  3 
2  76  4  4 
2  75  5  5 
2  74  6  6 
2  73  7  7 
2  72  8  8 
2  71  9  9 
2  70  10  10 
2  69  11  11 
2  68  12  12 
2  67  13  13 
2  66  14  14 
2  65  15  15 
2  64  16  16 
2  63  17  17 
2  62  18  18 
2  61  19  19 
2  60  20  20 
2  59  21  21 
2  58  22  22 
2  57  23  23 
2  56  24  24 
2  55  25  25 
2  54  26  26 
2  53  27  27 
2  52  28  28 
2  51  29  29 
2  50  30  30 
2  49  31  31 
2  48  32  32 
2  47  33  33 
2  46  34  34 
1  34  46  34 
1  33  47  33 
1  32  48  32 
1  31  49  31 
1  30  50  30 
1  29  51  29 
1  28  52  28 
1  27  53  27 
1  26  54  26 
1  25  55  25 
1  24  56  24 
1  23  57  23 
1  22  58  22 
1  21  59  21 
1  20  60  20 
1  19  61  19 
1  18  62  18 
1  17  63  17 
1  16  64  16 
1  15  65  15 
1  14  66  14 
1  13  67  13 
1  12  68  12 
1  11  69  11 
1  10  70  10 
1  9  71  9 
1  8  72  8 
1  7  73  7 
1  6  74  6 
1  5  75  5 
1  4  76  4 
1  3  77  3 
1  2  78  2 
1  1  79  1 
2  80  1  1 
2  79  2  2 
2  78  3  3 
2  77  4  4 
2  76  5  5 
2  75  6  6 
2  74  7  7 
2  73  8  8 
2  72  9  9 
2  71  10  10 
2  70  11  11 
2  69  12  12 
2  68  13  13 
2  67  14  14 
2  66  15  15 
2  65  16  16 
2  64  17  17 
2  63  18  18 
2  62  19  19 
2  61  20  20 
2  60  21  21 
2  59  22  22 
2  58  23  23 
2  57  24  24 
2  56  25  25 
2  55  26  26 
2  54  27  27 
2  53  28  28 
2  52  29  29 
2  51  30  30 
2  50  31  31 
2  49  32  32 
2  48  33  33 
2  47  34  34 
2  46  35  35 
1  35  46  35 
1  34  47  34 
1  33  48  33 
1  32  49  32 
1  31  50  31 
1  30  51  30 
1  29  52  29 
1  28  53  28 
1  27  54  27 
1  26  55  26 
1  25  56  25 
1  24  57  24 
1  23  58  23 
1  22  59  22 
1  21  60  21 
1  20  61  20 
1  19  62  19 
1  18  63  18 
1  17  64  17 
1  16  65  16 
1  15  66  15 
1  14  67  14 
1  13  68  13 
1  12  69  12 
1  11  70  11 
1  10  71  10 
1  9  72  9 
1  8  73  8 
1  7  74  7 
1  6  75  6 
1  5  76  5 
1  4  77  4 
1  3  78  3 
1  2  79  2 
1  1  80  1 
2  81  1  1 
2  80  2  2 
2  79  3  3 
2  78  4  4 
2  77  5  5 
2  76  6  6 
2  75  7  7 
2  74  8  8 
2  73  9  9 
2  72  10  10 
2  71  11  11 
2  70  12  12 
2  69  13  13 
2  68  14  14 
2  67  15  15 
2  66  16  16 
2  65  17  17 
2  64  18  18 
2  63  19  19 
2  62  20  20 
2  61  21  21 
2  60  22  22 
2  59  23  23 
2  58  24  24 
2  57  25  25 
2  56  26  26 
2  55  27  27 
2  54  28  28 
2  53  29  29 
2  52  30  30 
2  51  31  31 
2  50  32  32 
2  49  33  33 
2  48  34  34 
2  47  35  35 
2  46  36  36 
1  36  46  36 
1  35  47  35 
1  34  48  34 
1  33  49  33 
1  32  50  32 
1  31  51  31 
1  30  52  30 
1  29  53  29 
1  28  54  28 
1  27  55  27 
1  26  56  26 
1  25  57  25 
1  24  58  24 
1  23  59  23 
1  22  60  22 
1  21  61  21 
1  20  62  20 
1  19  63  19 
1  18  64  18 
1  17  65  17 
1  16  66  16 
1  15  67  15 
1  14  68  14 
1  13  69  13 
1  12  70  12 
1  11  71  11 
1  10  72  10 
1  9  73  9 
1  8  74  8 
1  7  75  7 
1  6  76  6 
1  5  77  5 
1  4  78  4 
1  3  79  3 
1  2  80  2 
1  1  81  1 
2  82  1  1 
2  81  2  2 
2  80  3  3 
2  79  4  4 
2  78  5  5 
2  77  6  6 
2  76  7  7 
2  75  8  8 
2  74  9  9 
2  73  10  10 
2  72  11  11 
2  71  12  12 
2  70  13  13 
2  69  14  14 
2  68  15  15 
2  67  16  16 
2  66  17  17 
2  65  18  18 
2  64  19  19 
2  63  20  20 
2  62  21  21 
2  61  22  22 
2  60  23  23 
2  59  24  24 
2  58  25  25 
2  57  26  26 
2  56  27  27 
2  55  28  28 
2  54  29  29 
2  53  30  30 
2  52  31  31 
2  51  32  32 
2  50  33  33 
2  49  34  34 
2  48  35  35 
2  47  36  36 
2  46  37  37 
1  37  46  37 
1  36  47  36 
1  35  48  35 
1  34  49  34 
1  33  50  33 
1  32  51  32 
1  31  52  31 
1  30  53  30 
1  29  54  29 
1  28  55  28 
1  27  56  27 
1  26  57  26 
1  25  58  25 
1  24  59  24 
1  23  60  23 
1  22  61  22 
1  21  62  21 
1  20  63  20 
1  19  64  19 
1  18  65  18 
1  17  66  17 
1  16  67  16 
1  15  68  15 
1  14  69  14 
1  13  70  13 
1  12  71  12 
1  11  72  11 
1  10  73  10 
1  9  74  9 
1  8  75  8 
1  7  76  7 
1  6  77  6 
1  5  78  5 
1  4  79  4 
1  3  80  3 
1  2  81  2 
1  1  82  1 
2  83  1  1 
2  82  2  2 
2  81  3  3 
2  80  4  4 
2  79  5  5 
2  78  6  6 
2  77  7  7 
2  76  8  8 
2  75  9  9 
2  74  10  10 
2  73  11  11 
2  72  12  12 
2  71  13  13 
2  70  14  14 
2  69  15  15 
2  68  16  16 
2  67  17  17 
2  66  18  18 
2  65  19  19 
2  64  20  20 
2  63  21  21 
2  62  22  22 
2  61  23  23 
2  60  24  24 
2  59  25  25 
2  58  26  26 
2  57  27  27 
2  56  28  28 
2  55  29  29 
2  54  30  30 
2  53  31  31 
2  52  32  32 
2  51  33  33 
2  50  34  34 
2  49  35  35 
2  48  36  36 
2  47  37  37 
2  46  38  38 
1  38  46  38 
1  37  47  37 
1  36  48  36 
1  35  49  35 
1  34  50  34 
1  33  51  33 
1  32  52  32 
1  31  53  31 
1  30  54  30 
1  29  55  29 
1  28  56  28 
1  27  57  27 
1  26  58  26 
1  25  59  25 
1  24  60  24 
1  23  61  23 
1  22  62  22 
1  21  63  21 
1  20  64  20 
1  19  65  19 
1  18  66  18 
1  17  67  17 
1  16  68  16 
1  15  69  15 
1  14  70  14 
1  13  71  13 
1  12  72  12 
1  11  73  11 
1  10  74  10 
1  9  75  9 
1  8  76  8 
1  7  77  7 
1  6  78  6 
1  5  79  5 
1  4  80  4 
1  3  81  3 
1  2  82  2 
1  1  83  1 
2  84  1  1 
2  83  2  2 
2  82  3  3 
2  81  4  4 
2  80  5  5 
2  79  6  6 
2  78  7  7 
2  77  8  8 
2  76  9  9 
2  75  10  10 
2  74  11  11 
2  73  12  12 
2  72  13  13 
2  71  14  14 
2  70  15  15 
2  69  16  16 
2  68  17  17 
2  67  18  18 
2  66  19  19 
2  65  20  20 
2  64  21  21 
2  63  22  22 
2  62  23  23 
2  61  24  24 
2  60  25  25 
2  59  26  26 
2  58  27  27 
2  57  28  28 
2  56  29  29 
2  55  30  30 
2  54  31  31 
2  53  32  32 
2  52  33  33 
2  51  34  34 
2  50  35  35 
2  49  36  36 
2  48  37  37 
2  47  38  38 
2  46  39  39 
1  39  46  39 
1  38  47  38 
1  37  48  37 
1  36  49  36 
1  35  50  35 
1  34  51  34 
1  33  52  33 
1  32  53  32 
1  31  54  31 
1  30  55  30 
1  29  56  29 
1  28  57  28 
1  27  58  27 
1  26  59  26 
1  25  60  25 
1  24  61  24 
1  23  62  23 
1  22  63  22 
1  21  64  21 
1  20  65  20 
1  19  66  19 
1  18  67  18 
1  17  68  17 
1  16  69  16 
1  15  70  15 
1  14  71  14 
1  13  72  13 
1  12  73  12 
1  11  74  11 
1  10  75  10 
1  9  76  9 
1  8  77  8 
1  7  78  7 
1  6  79  6 
1  5  80  5 
1  4  81  4 
1  3  82  3 
1  2  83  2 
1  1  84  1 
2  85  1  1 
2  84  2  2 
2  83  3  3 
2  82  4  4 
2  81  5  5 
2  80  6  6 
2  79  7  7 
2  78  8  8 
2  77  9  9 
2  76  10  10 
2  75  11  11 
2  74  12  12 
2  73  13  13 
2  72  14  14 
2  71  15  15 
2  70  16  16 
2  69  17  17 
2  68  18  18 
2  67  19  19 
2  66  20  20 
2  65  21  21 
2  64  22  22 
2  63  23  23 
2  62  24  24 
2  61  25  25 
2  60  26  26 
2  59  27  27 
2  58  28  28 
2  57  29  29 
2  56  30  30 
2  55  31  31 
2  54  32  32 
2  53  33  33 
2  52  34  34 
2  51  35  35 
2  50  36  36 
2  49  37  37 
2  48  38  38 
2  47  39  39 
2  46  40  40 
1  40  46  40 
1  39  47  39 
1  38  48  38 
1  37  49  37 
1  36  50  36 
1  35  51  35 
1  34  52  34 
1  33  53  33 
1  32  54  32 
1  31  55  31 
1  30  56  30 
1  29  57  29 
1  28  58  28 
1  27  59  27 
1  26  60  26 
1  25  61  25 
1  24  62  24 
1  23  63  23 
1  22  64  22 
1  21  65  21 
1  20  66  20 
1  19  67  19 
1  18  68  18 
1  17  69  17 
1  16  70  16 
1  15  71  15 
1  14  72  14 
1  13  73  13 
1  12  74  12 
1  11  75  11 
1  10  76  10 
1  9  77  9 
1  8  78  8 
1  7  79  7 
1  6  80  6 
1  5  81  5 
1  4  82  4 
1  3  83  3 
1  2  84  2 
1  1  85  1 
2  86  1  1 
2  85  2  2 
2  84  3  3 
2  83  4  4 
2  82  5  5 
2  81  6  6 
2  80  7  7 
2  79  8  8 
2  78  9  9 
2  77  10  10 
2  76  11  11 
2  75  12  12 
2  74  13  13 
2  73  14  14 
2  72  15  15 
2  71  16  16 
2  70  17  17 
2  69  18  18 
2  68  19  19 
2  67  20  20 
2  66  21  21 
2  65  22  22 
2  64  23  23 
2  63  24  24 
2  62  25  25 
2  61  26  26 
2  60  27  27 
2  59  28  28 
2  58  29  29 
2  57  30  30 
2  56  31  31 
2  55  32  32 
2  54  33  33 
2  53  34  34 
2  52  35  35 
2  51  36  36 
2  50  37  37 
2  49  38  38 
2  48  39  39 
2  47  40  40 
2  46  41  41 
1  41  46  41 
1  40  47  40 
1  39  48  39 
1  38  49  38 
1  37  50  37 
1  36  51  36 
1  35  52  35 
1  34  53  34 
1  33  54  33 
1  32  55  32 
1  31  56  31 
1  30  57  30 
1  29  58  29 
1  28  59  28 
1  27  60  27 
1  26  61  26 
1  25  62  25 
1  24  63  24 
1  23  64  23 
1  22  65  22 
1  21  66  21 
1  20  67  20 
1  19  68  19 
1  18  69  18 
1  17  70  17 
1  16  71  16 
1  15  72  15 
1  14  73  14 
1  13  74  13 
1  12  75  12 
1  11  76  11 
1  10  77  10 
1  9  78  9 
1  8  79  8 
1  7  80  7 
1  6  81  6 
1  5  82  5 
1  4  83  4 
1  3  84  3 
1  2  85  2 
1  1  86  1 
2  87  1  1 
2  86  2  2 
2  85  3  3 
2  84  4  4 
2  83  5  5 
2  82  6  6 
2  81  7  7 
2  80  8  8 
2  79  9  9 
2  78  10  10 
2  77  11  11 
2  76  12  12 
2  75  13  13 
2  74  14  14 
2  73  15  15 
2  72  16  16 
2  71  17  17 
2  70  18  18 
2  69  19  19 
2  68  20  20 
2  67  21  21 
2  66  22  22 
2  65  23  23 
2  64  24  24 
2  63  25  25 
2  62  26  26 
2  61  27  27 
2  60  28  28 
2  59  29  29 
2  58  30  30 
2  57  31  31 
2  56  32  32 
2  55  33  33 
2  54  34  34 
2  53  35  35 
2  52  36  36 
2  51  37  37 
2  50  38  38 
2  49  39  39 
2  48  40  40 
2  47  41  41 
2  46  42  42 
1  42  46  42 
1  41  47  41 
1  40  48  40 
1  39  49  39 
1  38  50  38 
1  37  51  37 
1  36  52  36 
1  35  53  35 
1  34  54  34 
1  33  55  33 
1  32  56  32 
1  31  57  31 
1  30  58  30 
1  29  59  29 
1  28  60  28 
1  27  61  27 
1  26  62  26 
1  25  63  25 
1  24  64  24 
1  23  65  23 
1  22  66  22 
1  21  67  21 
1  20  68  20 
1  19  69  19 
1  18  70  18 
1  17  71  17 
1  16  72  16 
1  15  73  15 
1  14  74  14 
1  13  75  13 
1  12  76  12 
1  11  77  11 
1  10  78  10 
1  9  79  9 
1  8  80  8 
1  7  81  7 
1  6  82  6 
1  5  83  5 
1  4  84  4 
1  3  85  3 
1  2  86  2 
1  1  87  1 
2  88  1  1 
2  87  2  2 
2  86  3  3 
2  85  4  4 
2  84  5  5 
2  83  6  6 
2  82  7  7 
2  81  8  8 
2  80  9  9 
2  79  10  10 
2  78  11  11 
2  77  12  12 
2  76  13  13 
2  75  14  14 
2  74  15  15 
2  73  16  16 
2  72  17  17 
2  71  18  18 
2  70  19  19 
2  69  20  20 
2  68  21  21 
2  67  22  22 
2  66  23  23 
2  65  24  24 
2  64  25  25 
2  63  26  26 
2  62  27  27 
2  61  28  28 
2  60  29  29 
2  59  30  30 
2  58  31  31 
2  57  32  32 
2  56  33  33 
2  55  34  34 
2  54  35  35 
2  53  36  36 
2  52  37  37 
2  51  38  38 
2  50  39  39 
2  49  40  40 
2  48  41  41 
2  47  42  42 
2  46  43  43 
1  43  46  43 
1  42  47  42 
1  41  48  41 
1  40  49  40 
1  39  50  39 
1  38  51  38 
1  37  52  37 
1  36  53  36 
1  35  54  35 
1  34  55  34 
1  33  56  33 
1  32  57  32 
1  31  58  31 
1  30  59  30 
1  29  60  29 
1  28  61  28 
1  27  62  27 
1  26  63  26 
1  25  64  25 
1  24  65  24 
1  23  66  23 
1  22  67  22 
1  21  68  21 
1  20  69  20 
1  19  70  19 
1  18  71  18 
1  17  72  17 
1  16  73  16 
1  15  74  15 
1  14  75  14 
1  13  76  13 
1  12  77  12 
1  11  78  11 
1  10  79  10 
1  9  80  9 
1  8  81  8 
1  7  82  7 
1  6  83  6 
1  5  84  5 
1  4  85  4 
1  3  86  3 
1  2  87  2 
1  1  88  1 
2  89  1  1 
2  88  2  2 
2  87  3  3 
2  86  4  4 
2  85  5  5 
2  84  6  6 
2  83  7  7 
2  82  8  8 
2  81  9  9 
2  80  10  10 
2  79  11  11 
2  78  12  12 
2  77  13  13 
2  76  14  14 
2  75  15  15 
2  74  16  16 
2  73  17  17 
2  72  18  18 
2  71  19  19 
2  70  20  20 
2  69  21  21 
2  68  22  22 
2  67  23  23 
2  66  24  24 
2  65  25  25 
2  64  26  26 
2  63  27  27 
2  62  28  28 
2  61  29  29 
2  60  30  30 
2  59  31  31 
2  58  32  32 
2  57  33  33 
2  56  34  34 
2  55  35  35 
2  54  36  36 
2  53  37  37 
2  52  38  38 
2  51  39  39 
2  50  40  40 
2  49  41  41 
2  48  42  42 
2  47  43  43 
2  46  44  44 
1  44  46  44 
1  43  47  43 
1  42  48  42 
1  41  49  41 
1  40  50  40 
1  39  51  39 
1  38  52  38 
1  37  53  37 
1  36  54  36 
1  35  55  35 
1  34  56  34 
1  33  57  33 
1  32  58  32 
1  31  59  31 
1  30  60  30 
1  29  61  29 
1  28  62  28 
1  27  63  27 
1  26  64  26 
1  25  65  25 
1  24  66  24 
1  23  67  23 
1  22  68  22 
1  21  69  21 
1  20  70  20 
1  19  71  19 
1  18  72  18 
1  17  73  17 
1  16  74  16 
1  15  75  15 
1  14  76  14 
1  13  77  13 
1  12  78  12 
1  11  79  11 
1  10  80  10 
1  9  81  9 
1  8  82  8 
1  7  83  7 
1  6  84  6 
1  5  85  5 
1  4  86  4 
1  3  87  3 
1  2  88  2 
1  1  89  1 
2  89  2  1 
2  88  3  2 
2  87  4  3 
2  86  5  4 
2  85  6  5 
2  84  7  6 
2  83  8  7 
2  82  9  8 
2  81  10  9 
2  80  11  10 
2  79  12  11 
2  78  13  12 
2  77  14  13 
2  76  15  14 
2  75  16  15 
2  74  17  16 
2  73  18  17 
2  72  19  18 
2  71  20  19 
2  70  21  20 
2  69  22  21 
2  68  23  22 
2  67  24  23 
2  66  25  24 
2  65  26  25 
2  64  27  26 
2  63  28  27 
2  62  29  28 
2  61  30  29 
2  60  31  30 
2  59  32  31 
2  58  33  32 
2  57  34  33 
2  56  35  34 
2  55  36  35 
2  54  37  36 
2  53  38  37 
2  52  39  38 
2  51  40  39 
2  50  41  40 
2  49  42  41 
2  48  43  42 
2  47  44  43 
2  46  45  44 
1  45  46  44 
1  44  47  43 
1  43  48  42 
1  42  49  41 
1  41  50  40 
1  40  51  39 
1  39  52  38 
1  38  53  37 
1  37  54  36 
1  36  55  35 
1  35  56  34 
1  34  57  33 
1  33  58  32 
1  32  59  31 
1  31  60  30 
1  30  61  29 
1  29  62  28 
1  28  63  27 
1  27  64  26 
1  26  65  25 
1  25  66  24 
1  24  67  23 
1  23  68  22 
1  22  69  21 
1  21  70  20 
1  20  71  19 
1  19  72  18 
1  18  73  17 
1  17  74  16 
1  16  75  15 
1  15  76  14 
1  14  77  13 
1  13  78  12 
1  12  79  11 
1  11  80  10 
1  10  81  9 
1  9  82  8 
1  8  83  7 
1  7  84  6 
1  6  85  5 
1  5  86  4 
1  4  87  3 
1  3  88  2 
1  2  89  1 
2  89  3  1 
2  88  4  2 
2  87  5  3 
2  86  6  4 
2  85  7  5 
2  84  8  6 
2  83  9  7 
2  82  10  8 
2  81  11  9 
2  80  12  10 
2  79  13  11 
2  78  14  12 
2  77  15  13 
2  76  16  14 
2  75  17  15 
2  74  18  16 
2  73  19  17 
2  72  20  18 
2  71  21  19 
2  70  22  20 
2  69  23  21 
2  68  24  22 
2  67  25  23 
2  66  26  24 
2  65  27  25 
2  64  28  26 
2  63  29  27 
2  62  30  28 
2  61  31  29 
2  60  32  30 
2  59  33  31 
2  58  34  32 
2  57  35  33 
2  56  36  34 
2  55  37  35 
2  54  38  36 
2  53  39  37 
2  52  40  38 
2  51  41  39 
2  50  42  40 
2  49  43  41 
2  48  44  42 
2  47  45  43 
1  45  47  43 
1  44  48  42 
1  43  49  41 
1  42  50  40 
1  41  51  39 
1  40  52  38 
1  39  53  37 
1  38  54  36 
1  37  55  35 
1  36  56  34 
1  35  57  33 
1  34  58  32 
1  33  59  31 
1  32  60  30 
1  31  61  29 
1  30  62  28 
1  29  63  27 
1  28  64  26 
1  27  65  25 
1  26  66  24 
1  25  67  23 
1  24  68  22 
1  23  69  21 
1  22  70  20 
1  21  71  19 
1  20  72  18 
1  19  73  17 
1  18  74  16 
1  17  75  15 
1  16  76  14 
1  15  77  13 
1  14  78  12 
1  13  79  11 
1  12  80  10 
1  11  81  9 
1  10  82  8 
1  9  83  7 
1  8  84  6 
1  7  85  5 
1  6  86  4 
1  5  87  3 
1  4  88  2 
1  3  89  1 
2  89  4  1 
2  88  5  2 
2  87  6  3 
2  86  7  4 
2  85  8  5 
2  84  9  6 
2  83  10  7 
2  82  11  8 
2  81  12  9 
2  80  13  10 
2  79  14  11 
2  78  15  12 
2  77  16  13 
2  76  17  14 
2  75  18  15 
2  74  19  16 
2  73  20  17 
2  72  21  18 
2  71  22  19 
2  70  23  20 
2  69  24  21 
2  68  25  22 
2  67  26  23 
2  66  27  24 
2  65  28  25 
2  64  29  26 
2  63  30  27 
2  62  31  28 
2  61  32  29 
2  60  33  30 
2  59  34  31 
2  58  35  32 
2  57  36  33 
2  56  37  34 
2  55  38  35 
2  54  39  36 
2  53  40  37 
2  52  41  38 
2  51  42  39 
2  50  43  40 
2  49  44  41 
2  48  45  42 
1  45  48  42 
1  44  49  41 
1  43  50  40 
1  42  51  39 
1  41  52  38 
1  40  53  37 
1  39  54  36 
1  38  55  35 
1  37  56  34 
1  36  57  33 
1  35  58  32 
1  34  59  31 
1  33  60  30 
1  32  61  29 
1  31  62  28 
1  30  63  27 
1  29  64  26 
1  28  65  25 
1  27  66  24 
1  26  67  23 
1  25  68  22 
1  24  69  21 
1  23  70  20 
1  22  71  19 
1  21  72  18 
1  20  73  17 
1  19  74  16 
1  18  75  15 
1  17  76  14 
1  16  77  13 
1  15  78  12 
1  14  79  11 
1  13  80  10 
1  12  81  9 
1  11  82  8 
1  10  83  7 
1  9  84  6 
1  8  85  5 
1  7  86  4 
1  6  87  3 
1  5  88  2 
1  4  89  1 
2  89  5  1 
2  88  6  2 
2  87  7  3 
2  86  8  4 
2  85  9  5 
2  84  10  6 
2  83  11  7 
2  82  12  8 
2  81  13  9 
2  80  14  10 
2  79  15  11 
2  78  16  12 
2  77  17  13 
2  76  18  14 
2  75  19  15 
2  74  20  16 
2  73  21  17 
2  72  22  18 
2  71  23  19 
2  70  24  20 
2  69  25  21 
2  68  26  22 
2  67  27  23 
2  66  28  24 
2  65  29  25 
2  64  30  26 
2  63  31  27 
2  62  32  28 
2  61  33  29 
2  60  34  30 
2  59  35  31 
2  58  36  32 
2  57  37  33 
2  56  38  34 
2  55  39  35 
2  54  40  36 
2  53  41  37 
2  52  42  38 
2  51  43  39 
2  50  44  40 
2  49  45  41 
1  45  49  41 
1  44  50  40 
1  43  51  39 
1  42  52  38 
1  41  53  37 
1  40  54  36 
1  39  55  35 
1  38  56  34 
1  37  57  33 
1  36  58  32 
1  35  59  31 
1  34  60  30 
1  33  61  29 
1  32  62  28 
1  31  63  27 
1  30  64  26 
1  29  65  25 
1  28  66  24 
1  27  67  23 
1  26  68  22 
1  25  69  21 
1  24  70  20 
1  23  71  19 
1  22  72  18 
1  21  73  17 
1  20  74  16 
1  19  75  15 
1  18  76  14 
1  17  77  13 
1  16  78  12 
1  15  79  11 
1  14  80  10 
1  13  81  9 
1  12  82  8 
1  11  83  7 
1  10  84  6 
1  9  85  5 
1  8  86  4 
1  7  87  3 
1  6  88  2 
1  5  89  1 
2  89  6  1 
2  88  7  2 
2  87  8  3 
2  86  9  4 
2  85  10  5 
2  84  11  6 
2  83  12  7 
2  82  13  8 
2  81  14  9 
2  80  15  10 
2  79  16  11 
2  78  17  12 
2  77  18  13 
2  76  19  14 
2  75  20  15 
2  74  21  16 
2  73  22  17 
2  72  23  18 
2  71  24  19 
2  70  25  20 
2  69  26  21 
2  68  27  22 
2  67  28  23 
2  66  29  24 
2  65  30  25 
2  64  31  26 
2  63  32  27 
2  62  33  28 
2  61  34  29 
2  60  35  30 
2  59  36  31 
2  58  37  32 
2  57  38  33 
2  56  39  34 
2  55  40  35 
2  54  41  36 
2  53  42  37 
2  52  43  38 
2  51  44  39 
2  50  45  40 
1  45  50  40 
1  44  51  39 
1  43  52  38 
1  42  53  37 
1  41  54  36 
1  40  55  35 
1  39  56  34 
1  38  57  33 
1  37  58  32 
1  36  59  31 
1  35  60  30 
1  34  61  29 
1  33  62  28 
1  32  63  27 
1  31  64  26 
1  30  65  25 
1  29  66  24 
1  28  67  23 
1  27  68  22 
1  26  69  21 
1  25  70  20 
1  24  71  19 
1  23  72  18 
1  22  73  17 
1  21  74  16 
1  20  75  15 
1  19  76  14 
1  18  77  13 
1  17  78  12 
1  16  79  11 
1  15  80  10 
1  14  81  9 
1  13  82  8 
1  12  83  7 
1  11  84  6 
1  10  85  5 
1  9  86  4 
1  8  87  3 
1  7  88  2 
1  6  89  1 
2  89  7  1 
2  88  8  2 
2  87  9  3 
2  86  10  4 
2  85  11  5 
2  84  12  6 
2  83  13  7 
2  82  14  8 
2  81  15  9 
2  80  16  10 
2  79  17  11 
2  78  18  12 
2  77  19  13 
2  76  20  14 
2  75  21  15 
2  74  22  16 
2  73  23  17 
2  72  24  18 
2  71  25  19 
2  70  26  20 
2  69  27  21 
2  68  28  22 
2  67  29  23 
2  66  30  24 
2  65  31  25 
2  64  32  26 
2  63  33  27 
2  62  34  28 
2  61  35  29 
2  60  36  30 
2  59  37  31 
2  58  38  32 
2  57  39  33 
2  56  40  34 
2  55  41  35 
2  54  42  36 
2  53  43  37 
2  52  44  38 
2  51  45  39 
1  45  51  39 
1  44  52  38 
1  43  53  37 
1  42  54  36 
1  41  55  35 
1  40  56  34 
1  39  57  33 
1  38  58  32 
1  37  59  31 
1  36  60  30 
1  35  61  29 
1  34  62  28 
1  33  63  27 
1  32  64  26 
1  31  65  25 
1  30  66  24 
1  29  67  23 
1  28  68  22 
1  27  69  21 
1  26  70  20 
1  25  71  19 
1  24  72  18 
1  23  73  17 
1  22  74  16 
1  21  75  15 
1  20  76  14 
1  19  77  13 
1  18  78  12 
1  17  79  11 
1  16  80  10 
1  15  81  9 
1  14  82  8 
1  13  83  7 
1  12  84  6 
1  11  85  5 
1  10  86  4 
1  9  87  3 
1  8  88  2 
1  7  89  1 
2  89  8  1 
2  88  9  2 
2  87  10  3 
2  86  11  4 
2  85  12  5 
2  84  13  6 
2  83  14  7 
2  82  15  8 
2  81  16  9 
2  80  17  10 
2  79  18  11 
2  78  19  12 
2  77  20  13 
2  76  21  14 
2  75  22  15 
2  74  23  16 
2  73  24  17 
2  72  25  18 
2  71  26  19 
2  70  27  20 
2  69  28  21 
2  68  29  22 
2  67  30  23 
2  66  31  24 
2  65  32  25 
2  64  33  26 
2  63  34  27 
2  62  35  28 
2  61  36  29 
2  60  37  30 
2  59  38  31 
2  58  39  32 
2  57  40  33 
2  56  41  34 
2  55  42  35 
2  54  43  36 
2  53  44  37 
2  52  45  38 
1  45  52  38 
1  44  53  37 
1  43  54  36 
1  42  55  35 
1  41  56  34 
1  40  57  33 
1  39  58  32 
1  38  59  31 
1  37  60  30 
1  36  61  29 
1  35  62  28 
1  34  63  27 
1  33  64  26 
1  32  65  25 
1  31  66  24 
1  30  67  23 
1  29  68  22 
1  28  69  21 
1  27  70  20 
1  26  71  19 
1  25  72  18 
1  24  73  17 
1  23  74  16 
1  22  75  15 
1  21  76  14 
1  20  77  13 
1  19  78  12 
1  18  79  11 
1  17  80  10 
1  16  81  9 
1  15  82  8 
1  14  83  7 
1  13  84  6 
1  12  85  5 
1  11  86  4 
1  10  87  3 
1  9  88  2 
1  8  89  1 
2  89  9  1 
2  88  10  2 
2  87  11  3 
2  86  12  4 
2  85  13  5 
2  84  14  6 
2  83  15  7 
2  82  16  8 
2  81  17  9 
2  80  18  10 
2  79  19  11 
2  78  20  12 
2  77  21  13 
2  76  22  14 
2  75  23  15 
2  74  24  16 
2  73  25  17 
2  72  26  18 
2  71  27  19 
2  70  28  20 
2  69  29  21 
2  68  30  22 
2  67  31  23 
2  66  32  24 
2  65  33  25 
2  64  34  26 
2  63  35  27 
2  62  36  28 
2  61  37  29 
2  60  38  30 
2  59  39  31 
2  58  40  32 
2  57  41  33 
2  56  42  34 
2  55  43  35 
2  54  44  36 
2  53  45  37 
1  45  53  37 
1  44  54  36 
1  43  55  35 
1  42  56  34 
1  41  57  33 
1  40  58  32 
1  39  59  31 
1  38  60  30 
1  37  61  29 
1  36  62  28 
1  35  63  27 
1  34  64  26 
1  33  65  25 
1  32  66  24 
1  31  67  23 
1  30  68  22 
1  29  69  21 
1  28  70  20 
1  27  71  19 
1  26  72  18 
1  25  73  17 
1  24  74  16 
1  23  75  15 
1  22  76  14 
1  21  77  13 
1  20  78  12 
1  19  79  11 
1  18  80  10 
1  17  81  9 
1  16  82  8 
1  15  83  7 
1  14  84  6 
1  13  85  5 
1  12  86  4 
1  11  87  3 
1  10  88  2 
1  9  89  1 
2  89  10  1 
2  88  11  2 
2  87  12  3 
2  86  13  4 
2  85  14  5 
2  84  15  6 
2  83  16  7 
2  82  17  8 
2  81  18  9 
2  80  19  10 
2  79  20  11 
2  78  21  12 
2  77  22  13 
2  76  23  14 
2  75  24  15 
2  74  25  16 
2  73  26  17 
2  72  27  18 
2  71  28  19 
2  70  29  20 
2  69  30  21 
2  68  31  22 
2  67  32  23 
2  66  33  24 
2  65  34  25 
2  64  35  26 
2  63  36  27 
2  62  37  28 
2  61  38  29 
2  60  39  30 
2  59  40  31 
2  58  41  32 
2  57  42  33 
2  56  43  34 
2  55  44  35 
2  54  45  36 
1  45  54  36 
1  44  55  35 
1  43  56  34 
1  42  57  33 
1  41  58  32 
1  40  59  31 
1  39  60  30 
1  38  61  29 
1  37  62  28 
1  36  63  27 
1  35  64  26 
1  34  65  25 
1  33  66  24 
1  32  67  23 
1  31  68  22 
1  30  69  21 
1  29  70  20 
1  28  71  19 
1  27  72  18 
1  26  73  17 
1  25  74  16 
1  24  75  15 
1  23  76  14 
1  22  77  13 
1  21  78  12 
1  20  79  11 
1  19  80  10 
1  18  81  9 
1  17  82  8 
1  16  83  7 
1  15  84  6 
1  14  85  5 
1  13  86  4 
1  12  87  3 
1  11  88  2 
1  10  89  1 
2  89  11  1 
2  88  12  2 
2  87  13  3 
2  86  14  4 
2  85  15  5 
2  84  16  6 
2  83  17  7 
2  82  18  8 
2  81  19  9 
2  80  20  10 
2  79  21  11 
2  78  22  12 
2  77  23  13 
2  76  24  14 
2  75  25  15 
2  74  26  16 
2  73  27  17 
2  72  28  18 
2  71  29  19 
2  70  30  20 
2  69  31  21 
2  68  32  22 
2  67  33  23 
2  66  34  24 
2  65  35  25 
2  64  36  26 
2  63  37  27 
2  62  38  28 
2  61  39  29 
2  60  40  30 
2  59  41  31 
2  58  42  32 
2  57  43  33 
2  56  44  34 
2  55  45  35 
1  45  55  35 
1  44  56  34 
1  43  57  33 
1  42  58  32 
1  41  59  31 
1  40  60  30 
1  39  61  29 
1  38  62  28 
1  37  63  27 
1  36  64  26 
1  35  65  25 
1  34  66  24 
1  33  67  23 
1  32  68  22 
1  31  69  21 
1  30  70  20 
1  29  71  19 
1  28  72  18 
1  27  73  17 
1  26  74  16 
1  25  75  15 
1  24  76  14 
1  23  77  13 
1  22  78  12 
1  21  79  11 
1  20  80  10 
1  19  81  9 
1  18  82  8 
1  17  83  7 
1  16  84  6 
1  15  85  5 
1  14  86  4 
1  13  87  3 
1  12  88  2 
1  11  89  1 
2  89  12  1 
2  88  13  2 
2  87  14  3 
2  86  15  4 
2  85  16  5 
2  84  17  6 
2  83  18  7 
2  82  19  8 
2  81  20  9 
2  80  21  10 
2  79  22  11 
2  78  23  12 
2  77  24  13 
2  76  25  14 
2  75  26  15 
2  74  27  16 
2  73  28  17 
2  72  29  18 
2  71  30  19 
2  70  31  20 
2  69  32  21 
2  68  33  22 
2  67  34  23 
2  66  35  24 
2  65  36  25 
2  64  37  26 
2  63  38  27 
2  62  39  28 
2  61  40  29 
2  60  41  30 
2  59  42  31 
2  58  43  32 
2  57  44  33 
2  56  45  34 
1  45  56  34 
1  44  57  33 
1  43  58  32 
1  42  59  31 
1  41  60  30 
1  40  61  29 
1  39  62  28 
1  38  63  27 
1  37  64  26 
1  36  65  25 
1  35  66  24 
1  34  67  23 
1  33  68  22 
1  32  69  21 
1  31  70  20 
1  30  71  19 
1  29  72  18 
1  28  73  17 
1  27  74  16 
1  26  75  15 
1  25  76  14 
1  24  77  13 
1  23  78  12 
1  22  79  11 
1  21  80  10 
1  20  81  9 
1  19  82  8 
1  18  83  7 
1  17  84  6 
1  16  85  5 
1  15  86  4 
1  14  87  3 
1  13  88  2 
1  12  89  1 
2  89  13  1 
2  88  14  2 
2  87  15  3 
2  86  16  4 
2  85  17  5 
2  84  18  6 
2  83  19  7 
2  82  20  8 
2  81  21  9 
2  80  22  10 
2  79  23  11 
2  78  24  12 
2  77  25  13 
2  76  26  14 
2  75  27  15 
2  74  28  16 
2  73  29  17 
2  72  30  18 
2  71  31  19 
2  70  32  20 
2  69  33  21 
2  68  34  22 
2  67  35  23 
2  66  36  24 
2  65  37  25 
2  64  38  26 
2  63  39  27 
2  62  40  28 
2  61  41  29 
2  60  42  30 
2  59  43  31 
2  58  44  32 
2  57  45  33 
1  45  57  33 
1  44  58  32 
1  43  59  31 
1  42  60  30 
1  41  61  29 
1  40  62  28 
1  39  63  27 
1  38  64  26 
1  37  65  25 
1  36  66  24 
1  35  67  23 
1  34  68  22 
1  33  69  21 
1  32  70  20 
1  31  71  19 
1  30  72  18 
1  29  73  17 
1  28  74  16 
1  27  75  15 
1  26  76  14 
1  25  77  13 
1  24  78  12 
1  23  79  11 
1  22  80  10 
1  21  81  9 
1  20  82  8 
1  19  83  7 
1  18  84  6 
1  17  85  5 
1  16  86  4 
1  15  87  3 
1  14  88  2 
1  13  89  1 
2  89  14  1 
2  88  15  2 
2  87  16  3 
2  86  17  4 
2  85  18  5 
2  84  19  6 
2  83  20  7 
2  82  21  8 
2  81  22  9 
2  80  23  10 
2  79  24  11 
2  78  25  12 
2  77  26  13 
2  76  27  14 
2  75  28  15 
2  74  29  16 
2  73  30  17 
2  72  31  18 
2  71  32  19 
2  70  33  20 
2  69  34  21 
2  68  35  22 
2  67  36  23 
2  66  37  24 
2  65  38  25 
2  64  39  26 
2  63  40  27 
2  62  41  28 
2  61  42  29 
2  60  43  30 
2  59  44  31 
2  58  45  32 
1  45  58  32 
1  44  59  31 
1  43  60  30 
1  42  61  29 
1  41  62  28 
1  40  63  27 
1  39  64  26 
1  38  65  25 
1  37  66  24 
1  36  67  23 
1  35  68  22 
1  34  69  21 
1  33  70  20 
1  32  71  19 
1  31  72  18 
1  30  73  17 
1  29  74  16 
1  28  75  15 
1  27  76  14 
1  26  77  13 
1  25  78  12 
1  24  79  11 
1  23  80  10 
1  22  81  9 
1  21  82  8 
1  20  83  7 
1  19  84  6 
1  18  85  5 
1  17  86  4 
1  16  87  3 
1  15  88  2 
1  14  89  1 
2  89  15  1 
2  88  16  2 
2  87  17  3 
2  86  18  4 
2  85  19  5 
2  84  20  6 
2  83  21  7 
2  82  22  8 
2  81  23  9 
2  80  24  10 
2  79  25  11 
2  78  26  12 
2  77  27  13 
2  76  28  14 
2  75  29  15 
2  74  30  16 
2  73  31  17 
2  72  32  18 
2  71  33  19 
2  70  34  20 
2  69  35  21 
2  68  36  22 
2  67  37  23 
2  66  38  24 
2  65  39  25 
2  64  40  26 
2  63  41  27 
2  62  42  28 
2  61  43  29 
2  60  44  30 
2  59  45  31 
1  45  59  31 
1  44  60  30 
1  43  61  29 
1  42  62  28 
1  41  63  27 
1  40  64  26 
1  39  65  25 
1  38  66  24 
1  37  67  23 
1  36  68  22 
1  35  69  21 
1  34  70  20 
1  33  71  19 
1  32  72  18 
1  31  73  17 
1  30  74  16 
1  29  75  15 
1  28  76  14 
1  27  77  13 
1  26  78  12 
1  25  79  11 
1  24  80  10 
1  23  81  9 
1  22  82  8 
1  21  83  7 
1  20  84  6 
1  19  85  5 
1  18  86  4 
1  17  87  3 
1  16  88  2 
1  15  89  1 
2  89  16  1 
2  88  17  2 
2  87  18  3 
2  86  19  4 
2  85  20  5 
2  84  21  6 
2  83  22  7 
2  82  23  8 
2  81  24  9 
2  80  25  10 
2  79  26  11 
2  78  27  12 
2  77  28  13 
2  76  29  14 
2  75  30  15 
2  74  31  16 
2  73  32  17 
2  72  33  18 
2  71  34  19 
2  70  35  20 
2  69  36  21 
2  68  37  22 
2  67  38  23 
2  66  39  24 
2  65  40  25 
2  64  41  26 
2  63  42  27 
2  62  43  28 
2  61  44  29 
2  60  45  30 
1  45  60  30 
1  44  61  29 
1  43  62  28 
1  42  63  27 
1  41  64  26 
1  40  65  25 
1  39  66  24 
1  38  67  23 
1  37  68  22 
1  36  69  21 
1  35  70  20 
1  34  71  19 
1  33  72  18 
1  32  73  17 
1  31  74  16 
1  30  75  15 
1  29  76  14 
1  28  77  13 
1  27  78  12 
1  26  79  11 
1  25  80  10 
1  24  81  9 
1  23  82  8 
1  22  83  7 
1  21  84  6 
1  20  85  5 
1  19  86  4 
1  18  87  3 
1  17  88  2 
1  16  89  1 
2  89  17  1 
2  88  18  2 
2  87  19  3 
2  86  20  4 
2  85  21  5 
2  84  22  6 
2  83  23  7 
2  82  24  8 
2  81  25  9 
2  80  26  10 
2  79  27  11 
2  78  28  12 
2  77  29  13 
2  76  30  14 
2  75  31  15 
2  74  32  16 
2  73  33  17 
2  72  34  18 
2  71  35  19 
2  70  36  20 
2  69  37  21 
2  68  38  22 
2  67  39  23 
2  66  40  24 
2  65  41  25 
2  64  42  26 
2  63  43  27 
2  62  44  28 
2  61  45  29 
1  45  61  29 
1  44  62  28 
1  43  63  27 
1  42  64  26 
1  41  65  25 
1  40  66  24 
1  39  67  23 
1  38  68  22 
1  37  69  21 
1  36  70  20 
1  35  71  19 
1  34  72  18 
1  33  73  17 
1  32  74  16 
1  31  75  15 
1  30  76  14 
1  29  77  13 
1  28  78  12 
1  27  79  11 
1  26  80  10 
1  25  81  9 
1  24  82  8 
1  23  83  7 
1  22  84  6 
1  21  85  5 
1  20  86  4 
1  19  87  3 
1  18  88  2 
1  17  89  1 
2  89  18  1 
2  88  19  2 
2  87  20  3 
2  86  21  4 
2  85  22  5 
2  84  23  6 
2  83  24  7 
2  82  25  8 
2  81  26  9 
2  80  27  10 
2  79  28  11 
2  78  29  12 
2  77  30  13 
2  76  31  14 
2  75  32  15 
2  74  33  16 
2  73  34  17 
2  72  35  18 
2  71  36  19 
2  70  37  20 
2  69  38  21 
2  68  39  22 
2  67  40  23 
2  66  41  24 
2  65  42  25 
2  64  43  26 
2  63  44  27 
2  62  45  28 
2  61  46  29 
1  46  61  29 
1  45  62  28 
1  44  63  27 
1  43  64  26 
1  42  65  25 
1  41  66  24 
1  40  67  23 
1  39  68  22 
1  38  69  21 
1  37  70  20 
1  36  71  19 
1  35  72  18 
1  34  73  17 
1  33  74  16 
1  32  75  15 
1  31  76  14 
1  30  77  13 
1  29  78  12 
1  28  79  11 
1  27  80  10 
1  26  81  9 
1  25  82  8 
1  24  83  7 
1  23  84  6 
1  22  85  5 
1  21  86  4 
1  20  87  3 
1  19  88  2 
1  18  89  1 
2  89  19  1 
2  88  20  2 
2  87  21  3 
2  86  22  4 
2  85  23  5 
2  84  24  6 
2  83  25  7 
2  82  26  8 
2  81  27  9 
2  80  28  10 
2  79  29  11 
2  78  30  12 
2  77  31  13 
2  76  32  14 
2  75  33  15 
2  74  34  16 
2  73  35  17 
2  72  36  18 
2  71  37  19 
2  70  38  20 
2  69  39  21 
2  68  40  22 
2  67  41  23 
2  66  42  24 
2  65  43  25 
2  64  44  26 
2  63  45  27 
2  62  46  28 
2  61  47  29 
1  47  61  29 
1  46  62  28 
1  45  63  27 
1  44  64  26 
1  43  65  25 
1  42  66  24 
1  41  67  23 
1  40  68  22 
1  39  69  21 
1  38  70  20 
1  37  71  19 
1  36  72  18 
1  35  73  17 
1  34  74  16 
1  33  75  15 
1  32  76  14 
1  31  77  13 
1  30  78  12 
1  29  79  11 
1  28  80  10 
1  27  81  9 
1  26  82  8 
1  25  83  7 
1  24  84  6 
1  23  85  5 
1  22  86  4 
1  21  87  3 
1  20  88  2 
1  19  89  1 
2  89  20  1 
2  88  21  2 
2  87  22  3 
2  86  23  4 
2  85  24  5 
2  84  25  6 
2  83  26  7 
2  82  27  8 
2  81  28  9 
2  80  29  10 
2  79  30  11 
2  78  31  12 
2  77  32  13 
2  76  33  14 
2  75  34  15 
2  74  35  16 
2  73  36  17 
2  72  37  18 
2  71  38  19 
2  70  39  20 
2  69  40  21 
2  68  41  22 
2  67  42  23 
2  66  43  24 
2  65  44  25 
2  64  45  26 
2  63  46  27 
2  62  47  28 
2  61  48  29 
1  48  61  29 
1  47  62  28 
1  46  63  27 
1  45  64  26 
1  44  65  25 
1  43  66  24 
1  42  67  23 
1  41  68  22 
1  40  69  21 
1  39  70  20 
1  38  71  19 
1  37  72  18 
1  36  73  17 
1  35  74  16 
1  34  75  15 
1  33  76  14 
1  32  77  13 
1  31  78  12 
1  30  79  11 
1  29  80  10 
1  28  81  9 
1  27  82  8 
1  26  83  7 
1  25  84  6 
1  24  85  5 
1  23  86  4 
1  22  87  3 
1  21  88  2 
1  20  89  1 
2  79  31  1 
2  78  32  2 
2  77  33  3 
2  76  34  4 
2  75  35  5 
2  74  36  6 
2  73  37  7 
2  72  38  8 
2  71  39  9 
2  70  40  10 
2  69  41  11 
2  68  42  12 
2  67  43  13 
2  66  44  14 
2  65  45  15 
2  64  46  16 
2  63  47  17 
2  62  48  18 
2  61  49  19 
1  49  61  19 
1  48  62  18 
1  47  63  17 
1  46  64  16 
1  45  65  15 
1  44  66  14 
1  43  67  13 
1  42  68  12 
1  41  69  11 
1  40  70  10 
1  39  71  9 
1  38  72  8 
1  37  73  7 
1  36  74  6 
1  35  75  5 
1  34  76  4 
1  33  77  3 
1  32  78  2 
1  31  79  1 
2  80  31  1 
2  79  32  2 
2  78  33  3 
2  77  34  4 
2  76  35  5 
2  75  36  6 
2  74  37  7 
2  73  38  8 
2  72  39  9 
2  71  40  10 
2  70  41  11 
2  69  42  12 
2  68  43  13 
2  67  44  14 
2  66  45  15 
2  65  46  16 
2  64  47  17 
2  63  48  18 
2  62  49  19 
2  61  50  20 
1  50  61  20 
1  49  62  19 
1  48  63  18 
1  47  64  17 
1  46  65  16 
1  45  66  15 
1  44  67  14 
1  43  68  13 
1  42  69  12 
1  41  70  11 
1  40  71  10 
1  39  72  9 
1  38  73  8 
1  37  74  7 
1  36  75  6 
1  35  76  5 
1  34  77  4 
1  33  78  3 
1  32  79  2 
1  31  80  1 
2  81  31  1 
2  80  32  2 
2  79  33  3 
2  78  34  4 
2  77  35  5 
2  76  36  6 
2  75  37  7 
2  74  38  8 
2  73  39  9 
2  72  40  10 
2  71  41  11 
2  70  42  12 
2  69  43  13 
2  68  44  14 
2  67  45  15 
2  66  46  16 
2  65  47  17 
2  64  48  18 
2  63  49  19 
2  62  50  20 
2  61  51  21 
1  51  61  21 
1  50  62  20 
1  49  63  19 
1  48  64  18 
1  47  65  17 
1  46  66  16 
1  45  67  15 
1  44  68  14 
1  43  69  13 
1  42  70  12 
1  41  71  11 
1  40  72  10 
1  39  73  9 
1  38  74  8 
1  37  75  7 
1  36  76  6 
1  35  77  5 
1  34  78  4 
1  33  79  3 
1  32  80  2 
1  31  81  1 
2  82  31  1 
2  81  32  2 
2  80  33  3 
2  79  34  4 
2  78  35  5 
2  77  36  6 
2  76  37  7 
2  75  38  8 
2  74  39  9 
2  73  40  10 
2  72  41  11 
2  71  42  12 
2  70  43  13 
2  69  44  14 
2  68  45  15 
2  67  46  16 
2  66  47  17 
2  65  48  18 
2  64  49  19 
2  63  50  20 
2  62  51  21 
2  61  52  22 
1  52  61  22 
1  51  62  21 
1  50  63  20 
1  49  64  19 
1  48  65  18 
1  47  66  17 
1  46  67  16 
1  45  68  15 
1  44  69  14 
1  43  70  13 
1  42  71  12 
1  41  72  11 
1  40  73  10 
1  39  74  9 
1  38  75  8 
1  37  76  7 
1  36  77  6 
1  35  78  5 
1  34  79  4 
1  33  80  3 
1  32  81  2 
1  31  82  1 
2  83  31  1 
2  82  32  2 
2  81  33  3 
2  80  34  4 
2  79  35  5 
2  78  36  6 
2  77  37  7 
2  76  38  8 
2  75  39  9 
2  74  40  10 
2  73  41  11 
2  72  42  12 
2  71  43  13 
2  70  44  14 
2  69  45  15 
2  68  46  16 
2  67  47  17 
2  66  48  18 
2  65  49  19 
2  64  50  20 
2  63  51  21 
2  62  52  22 
2  61  53  23 
1  53  61  23 
1  52  62  22 
1  51  63  21 
1  50  64  20 
1  49  65  19 
1  48  66  18 
1  47  67  17 
1  46  68  16 
1  45  69  15 
1  44  70  14 
1  43  71  13 
1  42  72  12 
1  41  73  11 
1  40  74  10 
1  39  75  9 
1  38  76  8 
1  37  77  7 
1  36  78  6 
1  35  79  5 
1  34  80  4 
1  33  81  3 
1  32  82  2 
1  31  83  1 
2  84  31  1 
2  83  32  2 
2  82  33  3 
2  81  34  4 
2  80  35  5 
2  79  36  6 
2  78  37  7 
2  77  38  8 
2  76  39  9 
2  75  40  10 
2  74  41  11 
2  73  42  12 
2  72  43  13 
2  71  44  14 
2  70  45  15 
2  69  46  16 
2  68  47  17 
2  67  48  18 
2  66  49  19 
2  65  50  20 
2  64  51  21 
2  63  52  22 
2  62  53  23 
2  61  54  24 
1  54  61  24 
1  53  62  23 
1  52  63  22 
1  51  64  21 
1  50  65  20 
1  49  66  19 
1  48  67  18 
1  47  68  17 
1  46  69  16 
1  45  70  15 
1  44  71  14 
1  43  72  13 
1  42  73  12 
1  41  74  11 
1  40  75  10 
1  39  76  9 
1  38  77  8 
1  37  78  7 
1  36  79  6 
1  35  80  5 
1  34  81  4 
1  33  82  3 
1  32  83  2 
1  31  84  1 
2  85  31  1 
2  84  32  2 
2  83  33  3 
2  82  34  4 
2  81  35  5 
2  80  36  6 
2  79  37  7 
2  78  38  8 
2  77  39  9 
2  76  40  10 
2  75  41  11 
2  74  42  12 
2  73  43  13 
2  72  44  14 
2  71  45  15 
2  70  46  16 
2  69  47  17 
2  68  48  18 
2  67  49  19 
2  66  50  20 
2  65  51  21 
2  64  52  22 
2  63  53  23 
2  62  54  24 
2  61  55  25 
1  55  61  25 
1  54  62  24 
1  53  63  23 
1  52  64  22 
1  51  65  21 
1  50  66  20 
1  49  67  19 
1  48  68  18 
1  47  69  17 
1  46  70  16 
1  45  71  15 
1  44  72  14 
1  43  73  13 
1  42  74  12 
1  41  75  11 
1  40  76  10 
1  39  77  9 
1  38  78  8 
1  37  79  7 
1  36  80  6 
1  35  81  5 
1  34  82  4 
1  33  83  3 
1  32  84  2 
1  31  85  1 
2  86  31  1 
2  85  32  2 
2  84  33  3 
2  83  34  4 
2  82  35  5 
2  81  36  6 
2  80  37  7 
2  79  38  8 
2  78  39  9 
2  77  40  10 
2  76  41  11 
2  75  42  12 
2  74  43  13 
2  73  44  14 
2  72  45  15 
2  71  46  16 
2  70  47  17 
2  69  48  18 
2  68  49  19 
2  67  50  20 
2  66  51  21 
2  65  52  22 
2  64  53  23 
2  63  54  24 
2  62  55  25 
2  61  56  26 
1  56  61  26 
1  55  62  25 
1  54  63  24 
1  53  64  23 
1  52  65  22 
1  51  66  21 
1  50  67  20 
1  49  68  19 
1  48  69  18 
1  47  70  17 
1  46  71  16 
1  45  72  15 
1  44  73  14 
1  43  74  13 
1  42  75  12 
1  41  76  11 
1  40  77  10 
1  39  78  9 
1  38  79  8 
1  37  80  7 
1  36  81  6 
1  35  82  5 
1  34  83  4 
1  33  84  3 
1  32  85  2 
1  31  86  1 
2  87  31  1 
2  86  32  2 
2  85  33  3 
2  84  34  4 
2  83  35  5 
2  82  36  6 
2  81  37  7 
2  80  38  8 
2  79  39  9 
2  78  40  10 
2  77  41  11 
2  76  42  12 
2  75  43  13 
2  74  44  14 
2  73  45  15 
2  72  46  16 
2  71  47  17 
2  70  48  18 
2  69  49  19 
2  68  50  20 
2  67  51  21 
2  66  52  22 
2  65  53  23 
2  64  54  24 
2  63  55  25 
2  62  56  26 
2  61  57  27 
1  57  61  27 
1  56  62  26 
1  55  63  25 
1  54  64  24 
1  53  65  23 
1  52  66  22 
1  51  67  21 
1  50  68  20 
1  49  69  19 
1  48  70  18 
1  47  71  17 
1  46  72  16 
1  45  73  15 
1  44  74  14 
1  43  75  13 
1  42  76  12 
1  41  77  11 
1  40  78  10 
1  39  79  9 
1  38  80  8 
1  37  81  7 
1  36  82  6 
1  35  83  5 
1  34  84  4 
1  33  85  3 
1  32  86  2 
1  31  87  1 
2  88  31  1 
2  87  32  2 
2  86  33  3 
2  85  34  4 
2  84  35  5 
2  83  36  6 
2  82  37  7 
2  81  38  8 
2  80  39  9 
2  79  40  10 
2  78  41  11 
2  77  42  12 
2  76  43  13 
2  75  44  14 
2  74  45  15 
2  73  46  16 
2  72  47  17 
2  71  48  18 
2  70  49  19 
2  69  50  20 
2  68  51  21 
2  67  52  22 
2  66  53  23 
2  65  54  24 
2  64  55  25 
2  63  56  26 
2  62  57  27 
2  61  58  28 
1  58  61  28 
1  57  62  27 
1  56  63  26 
1  55  64  25 
1  54  65  24 
1  53  66  23 
1  52  67  22 
1  51  68  21 
1  50  69  20 
1  49  70  19 
1  48  71  18 
1  47  72  17 
1  46  73  16 
1  45  74  15 
1  44  75  14 
1  43  76  13 
1  42  77  12 
1  41  78  11 
1  40  79  10 
1  39  80  9 
1  38  81  8 
1  37  82  7 
1  36  83  6 
1  35  84  5 
1  34  85  4 
1  33  86  3 
1  32  87  2 
1  31  88  1 
2  89  31  1 
2  88  32  2 
2  87  33  3 
2  86  34  4 
2  85  35  5 
2  84  36  6 
2  83  37  7 
2  82  38  8 
2  81  39  9 
2  80  40  10 
2  79  41  11 
2  78  42  12 
2  77  43  13 
2  76  44  14 
2  75  45  15 
2  74  46  16 
2  73  47  17 
2  72  48  18 
2  71  49  19 
2  70  50  20 
2  69  51  21 
2  68  52  22 
2  67  53  23 
2  66  54  24 
2  65  55  25 
2  64  56  26 
2  63  57  27 
2  62  58  28 
2  61  59  29 
1  59  61  29 
1  58  62  28 
1  57  63  27 
1  56  64  26 
1  55  65  25 
1  54  66  24 
1  53  67  23 
1  52  68  22 
1  51  69  21 
1  50  70  20 
1  49  71  19 
1  48  72  18 
1  47  73  17 
1  46  74  16 
1  45  75  15 
1  44  76  14 
1  43  77  13 
1  42  78  12 
1  41  79  11 
1  40  80  10 
1  39  81  9 
1  38  82  8 
1  37  83  7 
1  36  84  6 
1  35  85  5 
1  34  86  4 
1  33  87  3 
1  32  88  2 
1  31  89  1 
2  75  46  1 
2  74  47  2 
2  73  48  3 
2  72  49  4 
2  71  50  5 
2  70  51  6 
2  69  52  7 
2  68  53  8 
2  67  54  9 
2  66  55  10 
2  65  56  11 
2  64  57  12 
2  63  58  13 
2  62  59  14 
2  61  60  15 
1  60  61  15 
1  59  62  14 
1  58  63  13 
1  57  64  12 
1  56  65  11 
1  55  66  10 
1  54  67  9 
1  53  68  8 
1  52  69  7 
1  51  70  6 
1  50  71  5 
1  49  72  4 
1  48  73  3 
1  47  74  2 
1  46  75  1 
2  76  46  1 
2  75  47  2 
2  74  48  3 
2  73  49  4 
2  72  50  5 
2  71  51  6 
2  70  52  7 
2  69  53  8 
2  68  54  9 
2  67  55  10 
2  66  56  11 
2  65  57  12 
2  64  58  13 
2  63  59  14 
2  62  60  15 
1  60  62  15 
1  59  63  14 
1  58  64  13 
1  57  65  12 
1  56  66  11 
1  55  67  10 
1  54  68  9 
1  53  69  8 
1  52  70  7 
1  51  71  6 
1  50  72  5 
1  49  73  4 
1  48  74  3 
1  47  75  2 
1  46  76  1 
2  77  46  1 
2  76  47  2 
2  75  48  3 
2  74  49  4 
2  73  50  5 
2  72  51  6 
2  71  52  7 
2  70  53  8 
2  69  54  9 
2  68  55  10 
2  67  56  11 
2  66  57  12 
2  65  58  13 
2  64  59  14 
2  63  60  15 
1  60  63  15 
1  59  64  14 
1  58  65  13 
1  57  66  12 
1  56  67  11 
1  55  68  10 
1  54  69  9 
1  53  70  8 
1  52  71  7 
1  51  72  6 
1  50  73  5 
1  49  74  4 
1  48  75  3 
1  47  76  2 
1  46  77  1 
2  78  46  1 
2  77  47  2 
2  76  48  3 
2  75  49  4 
2  74  50  5 
2  73  51  6 
2  72  52  7 
2  71  53  8 
2  70  54  9 
2  69  55  10 
2  68  56  11 
2  67  57  12 
2  66  58  13 
2  65  59  14 
2  64  60  15 
1  60  64  15 
1  59  65  14 
1  58  66  13 
1  57  67  12 
1  56  68  11 
1  55  69  10 
1  54  70  9 
1  53  71  8 
1  52  72  7 
1  51  73  6 
1  50  74  5 
1  49  75  4 
1  48  76  3 
1  47  77  2 
1  46  78  1 
2  79  46  1 
2  78  47  2 
2  77  48  3 
2  76  49  4 
2  75  50  5 
2  74  51  6 
2  73  52  7 
2  72  53  8 
2  71  54  9 
2  70  55  10 
2  69  56  11 
2  68  57  12 
2  67  58  13 
2  66  59  14 
2  65  60  15 
1  60  65  15 
1  59  66  14 
1  58  67  13 
1  57  68  12 
1  56  69  11 
1  55  70  10 
1  54  71  9 
1  53  72  8 
1  52  73  7 
1  51  74  6 
1  50  75  5 
1  49  76  4 
1  48  77  3 
1  47  78  2 
1  46  79  1 
2  80  46  1 
2  79  47  2 
2  78  48  3 
2  77  49  4 
2  76  50  5 
2  75  51  6 
2  74  52  7 
2  73  53  8 
2  72  54  9 
2  71  55  10 
2  70  56  11 
2  69  57  12 
2  68  58  13 
2  67  59  14 
2  66  60  15 
1  60  66  15 
1  59  67  14 
1  58  68  13 
1  57  69  12 
1  56  70  11 
1  55  71  10 
1  54  72  9 
1  53  73  8 
1  52  74  7 
1  51  75  6 
1  50  76  5 
1  49  77  4 
1  48  78  3 
1  47  79  2 
1  46  80  1 
2  81  46  1 
2  80  47  2 
2  79  48  3 
2  78  49  4 
2  77  50  5 
2  76  51  6 
2  75  52  7 
2  74  53  8 
2  73  54  9 
2  72  55  10 
2  71  56  11 
2  70  57  12 
2  69  58  13 
2  68  59  14 
2  67  60  15 
1  60  67  15 
1  59  68  14 
1  58  69  13 
1  57  70  12 
1  56  71  11 
1  55  72  10 
1  54  73  9 
1  53  74  8 
1  52  75  7 
1  51  76  6 
1  50  77  5 
1  49  78  4 
1  48  79  3 
1  47  80  2 
1  46  81  1 
2  82  46  1 
2  81  47  2 
2  80  48  3 
2  79  49  4 
2  78  50  5 
2  77  51  6 
2  76  52  7 
2  75  53  8 
2  74  54  9 
2  73  55  10 
2  72  56  11 
2  71  57  12 
2  70  58  13 
2  69  59  14 
2  68  60  15 
1  60  68  15 
1  59  69  14 
1  58  70  13 
1  57  71  12 
1  56  72  11 
1  55  73  10 
1  54  74  9 
1  53  75  8 
1  52  76  7 
1  51  77  6 
1  50  78  5 
1  49  79  4 
1  48  80  3 
1  47  81  2 
1  46  82  1 
2  83  46  1 
2  82  47  2 
2  81  48  3 
2  80  49  4 
2  79  50  5 
2  78  51  6 
2  77  52  7 
2  76  53  8 
2  75  54  9 
2  74  55  10 
2  73  56  11 
2  72  57  12 
2  71  58  13 
2  70  59  14 
2  69  60  15 
1  60  69  15 
1  59  70  14 
1  58  71  13 
1  57  72  12 
1  56  73  11 
1  55  74  10 
1  54  75  9 
1  53  76  8 
1  52  77  7 
1  51  78  6 
1  50  79  5 
1  49  80  4 
1  48  81  3 
1  47  82  2 
1  46  83  1 
2  84  46  1 
2  83  47  2 
2  82  48  3 
2  81  49  4 
2  80  50  5 
2  79  51  6 
2  78  52  7 
2  77  53  8 
2  76  54  9 
2  75  55  10 
2  74  56  11 
2  73  57  12 
2  72  58  13 
2  71  59  14 
2  70  60  15 
1  60  70  15 
1  59  71  14 
1  58  72  13 
1  57  73  12 
1  56  74  11 
1  55  75  10 
1  54  76  9 
1  53  77  8 
1  52  78  7 
1  51  79  6 
1  50  80  5 
1  49  81  4 
1  48  82  3 
1  47  83  2 
1  46  84  1 
2  85  46  1 
2  84  47  2 
2  83  48  3 
2  82  49  4 
2  81  50  5 
2  80  51  6 
2  79  52  7 
2  78  53  8 
2  77  54  9 
2  76  55  10 
2  75  56  11 
2  74  57  12 
2  73  58  13 
2  72  59  14 
2  71  60  15 
1  60  71  15 
1  59  72  14 
1  58  73  13 
1  57  74  12 
1  56  75  11 
1  55  76  10 
1  54  77  9 
1  53  78  8 
1  52  79  7 
1  51  80  6 
1  50  81  5 
1  49  82  4 
1  48  83  3 
1  47  84  2 
1  46  85  1 
2  86  46  1 
2  85  47  2 
2  84  48  3 
2  83  49  4 
2  82  50  5 
2  81  51  6 
2  80  52  7 
2  79  53  8 
2  78  54  9 
2  77  55  10 
2  76  56  11 
2  75  57  12 
2  74  58  13 
2  73  59  14 
2  72  60  15 
1  60  72  15 
1  59  73  14 
1  58  74  13 
1  57  75  12 
1  56  76  11 
1  55  77  10 
1  54  78  9 
1  53  79  8 
1  52  80  7 
1  51  81  6 
1  50  82  5 
1  49  83  4 
1  48  84  3 
1  47  85  2 
1  46  86  1 
2  87  46  1 
2  86  47  2 
2  85  48  3 
2  84  49  4 
2  83  50  5 
2  82  51  6 
2  81  52  7 
2  80  53  8 
2  79  54  9 
2  78  55  10 
2  77  56  11 
2  76  57  12 
2  75  58  13 
2  74  59  14 
2  73  60  15 
1  60  73  15 
1  59  74  14 
1  58  75  13 
1  57  76  12 
1  56  77  11 
1  55  78  10 
1  54  79  9 
1  53  80  8 
1  52  81  7 
1  51  82  6 
1  50  83  5 
1  49  84  4 
1  48  85  3 
1  47  86  2 
1  46  87  1 
2  88  46  1 
2  87  47  2 
2  86  48  3 
2  85  49  4 
2  84  50  5 
2  83  51  6 
2  82  52  7 
2  81  53  8 
2  80  54  9 
2  79  55  10 
2  78  56  11 
2  77  57  12 
2  76  58  13 
2  75  59  14 
2  74  60  15 
1  60  74  15 
1  59  75  14 
1  58  76  13 
1  57  77  12 
1  56  78  11 
1  55  79  10 
1  54  80  9 
1  53  81  8 
1  52  82  7 
1  51  83  6 
1  50  84  5 
1  49  85  4 
1  48  86  3 
1  47  87  2 
1  46  88  1 
2  89  46  1 
2  88  47  2 
2  87  48  3 
2  86  49  4 
2  85  50  5 
2  84  51  6 
2  83  52  7 
2  82  53  8 
2  81  54  9 
2  80  55  10 
2  79  56  11 
2  78  57  12 
2  77  58  13 
2  76  59  14 
2  75  60  15 
1  60  75  15 
1  59  76  14 
1  58  77  13 
1  57  78  12 
1  56  79  11 
1  55  80  10 
1  54  81  9 
1  53  82  8 
1  52  83  7 
1  51  84  6 
1  50  85  5 
1  49  86  4 
1  48  87  3 
1  47  88  2 
1  46  89  1 
2  76  61  1 
1  61  76  1 
2  77  61  1 
2  76  62  2 
1  62  76  2 
1  61  77  1 
2  78  61  1 
2  77  62  2 
2  76  63  3 
1  63  76  3 
1  62  77  2 
1  61  78  1 
2  79  61  1 
2  78  62  2 
2  77  63  3 
2  76  64  4 
1  64  76  4 
1  63  77  3 
1  62  78  2 
1  61  79  1 
2  80  61  1 
2  79  62  2 
2  78  63  3 
2  77  64  4 
2  76  65  5 
1  65  76  5 
1  64  77  4 
1  63  78  3 
1  62  79  2 
1  61  80  1 
2  81  61  1 
2  80  62  2 
2  79  63  3 
2  78  64  4 
2  77  65  5 
2  76  66  6 
1  66  76  6 
1  65  77  5 
1  64  78  4 
1  63  79  3 
1  62  80  2 
1  61  81  1 
2  82  61  1 
2  81  62  2 
2  80  63  3 
2  79  64  4 
2  78  65  5 
2  77  66  6 
2  76  67  7 
1  67  76  7 
1  66  77  6 
1  65  78  5 
1  64  79  4 
1  63  80  3 
1  62  81  2 
1  61  82  1 
2  83  61  1 
2  82  62  2 
2  81  63  3 
2  80  64  4 
2  79  65  5 
2  78  66  6 
2  77  67  7 
2  76  68  8 
1  68  76  8 
1  67  77  7 
1  66  78  6 
1  65  79  5 
1  64  80  4 
1  63  81  3 
1  62  82  2 
1  61  83  1 
2  84  61  1 
2  83  62  2 
2  82  63  3 
2  81  64  4 
2  80  65  5 
2  79  66  6 
2  78  67  7 
2  77  68  8 
2  76  69  9 
1  69  76  9 
1  68  77  8 
1  67  78  7 
1  66  79  6 
1  65  80  5 
1  64  81  4 
1  63  82  3 
1  62  83  2 
1  61  84  1 
2  85  61  1 
2  84  62  2 
2  83  63  3 
2  82  64  4 
2  81  65  5 
2  80  66  6 
2  79  67  7 
2  78  68  8 
2  77  69  9 
2  76  70  10 
1  70  76  10 
1  69  77  9 
1  68  78  8 
1  67  79  7 
1  66  80  6 
1  65  81  5 
1  64  82  4 
1  63  83  3 
1  62  84  2 
1  61  85  1 
2  86  61  1 
2  85  62  2 
2  84  63  3 
2  83  64  4 
2  82  65  5 
2  81  66  6 
2  80  67  7 
2  79  68  8 
2  78  69  9 
2  77  70  10 
2  76  71  11 
1  71  76  11 
1  70  77  10 
1  69  78  9 
1  68  79  8 
1  67  80  7 
1  66  81  6 
1  65  82  5 
1  64  83  4 
1  63  84  3 
1  62  85  2 
1  61  86  1 
2  87  61  1 
2  86  62  2 
2  85  63  3 
2  84  64  4 
2  83  65  5 
2  82  66  6 
2  81  67  7 
2  80  68  8 
2  79  69  9 
2  78  70  10 
2  77  71  11 
2  76  72  12 
1  72  76  12 
1  71  77  11 
1  70  78  10 
1  69  79  9 
1  68  80  8 
1  67  81  7 
1  66  82  6 
1  65  83  5 
1  64  84  4 
1  63  85  3 
1  62  86  2 
1  61  87  1 
2  88  61  1 
2  87  62  2 
2  86  63  3 
2  85  64  4 
2  84  65  5 
2  83  66  6 
2  82  67  7 
2  81  68  8 
2  80  69  9 
2  79  70  10 
2  78  71  11 
2  77  72  12 
2  76  73  13 
1  73  76  13 
1  72  77  12 
1  71  78  11 
1  70  79  10 
1  69  80  9 
1  68  81  8 
1  67  82  7 
1  66  83  6 
1  65  84  5 
1  64  85  4 
1  63  86  3 
1  62  87  2 
1  61  88  1 
2  89  61  1 
2  88  62  2 
2  87  63  3 
2  86  64  4 
2  85  65  5 
2  84  66  6 
2  83  67  7 
2  82  68  8 
2  81  69  9 
2  80  70  10 
2  79  71  11 
2  78  72  12 
2  77  73  13 
2  76  74  14 
1  74  76  14 
1  73  77  13 
1  72  78  12 
1  71  79  11 
1  70  80  10 
1  69  81  9 
1  68  82  8 
1  67  83  7 
1  66  84  6 
1  65  85  5 
1  64  86  4 
1  63  87  3 
1  62  88  2 
1  61  89  1 
-1