			  1            1           -           1.0320858775e+00       5.2000000000e+02       1.8632915778e-03       3.4666666667e+01       
    	      1            2            3          5.5794304863e-01       6.1554396341e+02       2.9117296730e-03       4.1036264227e+01       
    	      2            2           -           5.5557659258e-01       6.1875000000e+02       2.9089807558e-03       4.1250000000e+01       
    	      1            3            3          5.0449770357e-01       6.8260132391e+02       2.9038466645e-03       4.5506754928e+01       
    	      2            3            8          5.2551515999e-01       6.4980965029e+02       2.9283878363e-03       4.3320643352e+01       
    	      3            3           -           5.0000461392e-01       6.9062500000e+02       2.8959008789e-03       4.6041666667e+01       
    	      1            4            3          4.6189868737e-01       7.5230442542e+02       2.8777936859e-03       5.0153628362e+01       
    	      2            4            8          5.0492406881e-01       6.7606482336e+02       2.9294466097e-03       4.5070988224e+01       
    	      3            4            8          4.8018084436e-01       7.1652281202e+02       2.9064653340e-03       4.7768187468e+01       
    	      4            4           -           4.5454656322e-01       7.6863636364e+02       2.8622047279e-03       5.1242424242e+01       
    	      1            5            3          4.2750021100e-01       8.4176482674e+02       2.7788998277e-03       5.6117655116e+01       
    	      2            5           14          5.5053012310e-01       6.2411934986e+02       2.9103905095e-03       4.1607956657e+01       
    	      3            5           13          4.9691348492e-01       6.9468698246e+02       2.8968770067e-03       4.6312465497e+01       
    	      4            5           14          4.5417342847e-01       7.6923953525e+02       2.8623100871e-03       5.1282635684e+01       
    	      5            5           -           4.1666695597e-01       8.7187500000e+02       2.7526862608e-03       5.8125000000e+01       
    	      1            6            3          3.9940598019e-01       8.4411858452e+02       2.9660739514e-03       5.6274572301e+01       
    	      2            6            5          4.1861462730e-01       7.9387525964e+02       3.0090772190e-03       5.2925017309e+01       
    	      3            6            5          4.1083300720e-01       8.1342413441e+02       2.9923860240e-03       5.4228275627e+01       
    	      4            6            4          3.9438299649e-01       8.5541373204e+02       2.9641870108e-03       5.7027582136e+01       
    	      5            6            1          3.8470785970e-01       8.8556638865e+02       2.9352683796e-03       5.9037759244e+01       
    	      6            6           -           3.8461546595e-01       8.8605769231e+02       2.9343455542e-03       5.9070512821e+01 
