			  1            4            4          6.0080727748e-01       1.4163541114e+03       1.1751490880e-03       3.5408852786e+01       
    	      2            4            9          6.0127292957e-01       1.4151570603e+03       1.1752322648e-03       3.5378926506e+01       
    	      3            4            9          6.0105082900e-01       1.4156751505e+03       1.1752362821e-03       3.5391878762e+01       
    	      4            4           -           6.0080420917e-01       1.4163636364e+03       1.1751471866e-03       3.5409090909e+01       
    	      1            5            5          4.5898129981e-01       1.5748103364e+03       1.3834923174e-03       3.9370258411e+01       
    	      2            5           10          4.6169947934e-01       1.5645394895e+03       1.3843760772e-03       3.9113487239e+01       
    	      3            5           11          4.6253988118e-01       1.5607365199e+03       1.3852278769e-03       3.9018412998e+01       
    	      4            5           14          4.6674846469e-01       1.5439393584e+03       1.3876721219e-03       3.8598483959e+01       
    	      5            5           -           4.5893226266e-01       1.5750000000e+03       1.3834735245e-03       3.9375000000e+01       
    	      1            6            4          4.0077577356e-01       1.5709866496e+03       1.5882762602e-03       3.9274666239e+01       
    	      2            6            7          4.0135833012e-01       1.5682731240e+03       1.5887150842e-03       3.9206828100e+01       
    	      3            6            7          4.0122121010e-01       1.5689008247e+03       1.5886221927e-03       3.9222520618e+01       
    	      4            6            7          4.0107365634e-01       1.5697087135e+03       1.5883887181e-03       3.9242717836e+01       
    	      5            6            2          4.0074379426e-01       1.5711532749e+03       1.5882345497e-03       3.9278831872e+01       
    	      6            6           -           4.0074369501e-01       1.5711538462e+03       1.5882343656e-03       3.9278846154e+01 
