1  4  0  1 
2  0  4  1 
1  5  0  2 
1  4  1  1 
2  1  4  1 
2  0  5  2 
1  6  0  3 
1  5  1  2 
1  4  2  1 
2  2  4  1 
2  1  5  2 
2  0  6  3 
1  7  0  3 
1  6  1  2 
1  5  2  1 
2  2  5  1 
2  1  6  2 
2  0  7  3 
1  8  0  3 
1  7  1  2 
1  6  2  1 
2  2  6  1 
2  1  7  2 
2  0  8  3 
1  9  0  3 
1  8  1  2 
1  7  2  1 
2  2  7  1 
2  1  8  2 
2  0  9  3 
1  10  0  3 
1  9  1  2 
1  8  2  1 
2  2  8  1 
2  1  9  2 
2  0  10  3 
1  11  0  3 
1  10  1  2 
1  9  2  1 
2  7  4  1 
1  4  7  1 
2  2  9  1 
2  1  10  2 
2  0  11  3 
1  12  0  3 
1  11  1  2 
1  10  2  1 
2  8  4  1 
2  7  5  2 
1  5  7  2 
1  4  8  1 
2  2  10  1 
2  1  11  2 
2  0  12  3 
1  13  0  3 
1  12  1  2 
1  11  2  1 
2  9  4  1 
2  8  5  2 
2  7  6  3 
1  6  7  3 
1  5  8  2 
1  4  9  1 
2  2  11  1 
2  1  12  2 
2  0  13  3 
1  14  0  3 
1  13  1  2 
1  12  2  1 
2  10  4  1 
2  9  5  2 
2  8  6  3 
1  6  8  3 
1  5  9  2 
1  4  10  1 
2  2  12  1 
2  1  13  2 
2  0  14  3 
1  15  0  3 
1  14  1  2 
1  13  2  1 
2  11  4  1 
2  10  5  2 
2  9  6  3 
1  6  9  3 
1  5  10  2 
1  4  11  1 
2  2  13  1 
2  1  14  2 
2  0  15  3 
1  16  0  6 
1  15  1  5 
1  14  2  4 
1  13  3  3 
1  12  4  2 
1  11  5  1 
2  5  11  1 
2  4  12  2 
2  3  13  3 
2  2  14  4 
2  1  15  5 
2  0  16  6 
1  17  0  6 
1  16  1  5 
1  15  2  4 
1  14  3  3 
1  13  4  2 
1  12  5  1 
2  5  12  1 
2  4  13  2 
2  3  14  3 
2  2  15  4 
2  1  16  5 
2  0  17  6 
2  17  1  1 
2  16  2  2 
2  15  3  3 
2  14  4  4 
2  13  5  5 
2  12  6  6 
1  6  12  6 
1  5  13  5 
1  4  14  4 
1  3  15  3 
1  2  16  2 
1  1  17  1 
2  18  1  1 
2  17  2  2 
2  16  3  3 
2  15  4  4 
2  14  5  5 
2  13  6  6 
1  6  13  6 
1  5  14  5 
1  4  15  4 
1  3  16  3 
1  2  17  2 
1  1  18  1 
2  19  1  1 
2  18  2  2 
2  17  3  3 
2  16  4  4 
2  15  5  5 
2  14  6  6 
2  13  7  7 
1  7  13  7 
1  6  14  6 
1  5  15  5 
1  4  16  4 
1  3  17  3 
1  2  18  2 
1  1  19  1 
2  20  1  1 
2  19  2  2 
2  18  3  3 
2  17  4  4 
2  16  5  5 
2  15  6  6 
2  14  7  7 
2  13  8  8 
1  8  13  8 
1  7  14  7 
1  6  15  6 
1  5  16  5 
1  4  17  4 
1  3  18  3 
1  2  19  2 
1  1  20  1 
2  21  1  1 
2  20  2  2 
2  19  3  3 
2  18  4  4 
2  17  5  5 
2  16  6  6 
2  15  7  7 
2  14  8  8 
2  13  9  9 
1  9  13  9 
1  8  14  8 
1  7  15  7 
1  6  16  6 
1  5  17  5 
1  4  18  4 
1  3  19  3 
1  2  20  2 
1  1  21  1 
2  22  1  1 
2  21  2  2 
2  20  3  3 
2  19  4  4 
2  18  5  5 
2  17  6  6 
2  16  7  7 
2  15  8  8 
2  14  9  9 
2  13  10  10 
1  10  13  10 
1  9  14  9 
1  8  15  8 
1  7  16  7 
1  6  17  6 
1  5  18  5 
1  4  19  4 
1  3  20  3 
1  2  21  2 
1  1  22  1 
2  23  1  1 
2  22  2  2 
2  21  3  3 
2  20  4  4 
2  19  5  5 
2  18  6  6 
2  17  7  7 
2  16  8  8 
2  15  9  9 
2  14  10  10 
2  13  11  11 
1  11  13  11 
1  10  14  10 
1  9  15  9 
1  8  16  8 
1  7  17  7 
1  6  18  6 
1  5  19  5 
1  4  20  4 
1  3  21  3 
1  2  22  2 
1  1  23  1 
1  25  0  1 
2  23  2  1 
2  22  3  2 
2  21  4  3 
2  20  5  4 
2  19  6  5 
2  18  7  6 
2  17  8  7 
2  16  9  8 
2  15  10  9 
2  14  11  10 
2  13  12  11 
1  12  13  11 
1  11  14  10 
1  10  15  9 
1  9  16  8 
1  8  17  7 
1  7  18  6 
1  6  19  5 
1  5  20  4 
1  4  21  3 
1  3  22  2 
1  2  23  1 
2  0  25  1 
1  26  0  2 
1  25  1  1 
2  23  3  1 
2  22  4  2 
2  21  5  3 
2  20  6  4 
2  19  7  5 
2  18  8  6 
2  17  9  7 
2  16  10  8 
2  15  11  9 
2  14  12  10 
1  12  14  10 
1  11  15  9 
1  10  16  8 
1  9  17  7 
1  8  18  6 
1  7  19  5 
1  6  20  4 
1  5  21  3 
1  4  22  2 
1  3  23  1 
2  1  25  1 
2  0  26  2 
1  27  0  3 
1  26  1  2 
1  25  2  1 
2  23  4  1 
2  22  5  2 
2  21  6  3 
2  20  7  4 
2  19  8  5 
2  18  9  6 
2  17  10  7 
2  16  11  8 
2  15  12  9 
1  12  15  9 
1  11  16  8 
1  10  17  7 
1  9  18  6 
1  8  19  5 
1  7  20  4 
1  6  21  3 
1  5  22  2 
1  4  23  1 
2  2  25  1 
2  1  26  2 
2  0  27  3 
2  27  1  1 
2  26  2  2 
2  25  3  3 
2  24  4  4 
2  23  5  5 
2  22  6  6 
2  21  7  7 
2  20  8  8 
2  19  9  9 
2  18  10  10 
2  17  11  11 
2  16  12  12 
1  12  16  12 
1  11  17  11 
1  10  18  10 
1  9  19  9 
1  8  20  8 
1  7  21  7 
1  6  22  6 
1  5  23  5 
1  4  24  4 
1  3  25  3 
1  2  26  2 
1  1  27  1 
2  28  1  1 
2  27  2  2 
2  26  3  3 
2  25  4  4 
2  24  5  5 
2  23  6  6 
2  22  7  7 
2  21  8  8 
2  20  9  9 
2  19  10  10 
2  18  11  11 
2  17  12  12 
1  12  17  12 
1  11  18  11 
1  10  19  10 
1  9  20  9 
1  8  21  8 
1  7  22  7 
1  6  23  6 
1  5  24  5 
1  4  25  4 
1  3  26  3 
1  2  27  2 
1  1  28  1 
2  29  1  1 
2  28  2  2 
2  27  3  3 
2  26  4  4 
2  25  5  5 
2  24  6  6 
2  23  7  7 
2  22  8  8 
2  21  9  9 
2  20  10  10 
2  19  11  11 
2  18  12  12 
1  12  18  12 
1  11  19  11 
1  10  20  10 
1  9  21  9 
1  8  22  8 
1  7  23  7 
1  6  24  6 
1  5  25  5 
1  4  26  4 
1  3  27  3 
1  2  28  2 
1  1  29  1 
2  30  1  1 
2  29  2  2 
2  28  3  3 
2  27  4  4 
2  26  5  5 
2  25  6  6 
2  24  7  7 
2  23  8  8 
2  22  9  9 
2  21  10  10 
2  20  11  11 
2  19  12  12 
1  12  19  12 
1  11  20  11 
1  10  21  10 
1  9  22  9 
1  8  23  8 
1  7  24  7 
1  6  25  6 
1  5  26  5 
1  4  27  4 
1  3  28  3 
1  2  29  2 
1  1  30  1 
2  31  1  1 
2  30  2  2 
2  29  3  3 
2  28  4  4 
2  27  5  5 
2  26  6  6 
2  25  7  7 
2  24  8  8 
2  23  9  9 
2  22  10  10 
2  21  11  11 
2  20  12  12 
1  12  20  12 
1  11  21  11 
1  10  22  10 
1  9  23  9 
1  8  24  8 
1  7  25  7 
1  6  26  6 
1  5  27  5 
1  4  28  4 
1  3  29  3 
1  2  30  2 
1  1  31  1 
2  32  1  1 
2  31  2  2 
2  30  3  3 
2  29  4  4 
2  28  5  5 
2  27  6  6 
2  26  7  7 
2  25  8  8 
2  24  9  9 
2  23  10  10 
2  22  11  11 
2  21  12  12 
1  12  21  12 
1  11  22  11 
1  10  23  10 
1  9  24  9 
1  8  25  8 
1  7  26  7 
1  6  27  6 
1  5  28  5 
1  4  29  4 
1  3  30  3 
1  2  31  2 
1  1  32  1 
2  33  1  1 
2  32  2  2 
2  31  3  3 
2  30  4  4 
2  29  5  5 
2  28  6  6 
2  27  7  7 
2  26  8  8 
2  25  9  9 
2  24  10  10 
2  23  11  11 
2  22  12  12 
1  12  22  12 
1  11  23  11 
1  10  24  10 
1  9  25  9 
1  8  26  8 
1  7  27  7 
1  6  28  6 
1  5  29  5 
1  4  30  4 
1  3  31  3 
1  2  32  2 
1  1  33  1 
2  34  1  1 
2  33  2  2 
2  32  3  3 
2  31  4  4 
2  30  5  5 
2  29  6  6 
2  28  7  7 
2  27  8  8 
2  26  9  9 
2  25  10  10 
2  24  11  11 
2  23  12  12 
1  12  23  12 
1  11  24  11 
1  10  25  10 
1  9  26  9 
1  8  27  8 
1  7  28  7 
1  6  29  6 
1  5  30  5 
1  4  31  4 
1  3  32  3 
1  2  33  2 
1  1  34  1 
2  35  1  1 
2  34  2  2 
2  33  3  3 
2  32  4  4 
2  31  5  5 
2  30  6  6 
2  29  7  7 
2  28  8  8 
2  27  9  9 
2  26  10  10 
2  25  11  11 
2  24  12  12 
1  12  24  12 
1  11  25  11 
1  10  26  10 
1  9  27  9 
1  8  28  8 
1  7  29  7 
1  6  30  6 
1  5  31  5 
1  4  32  4 
1  3  33  3 
1  2  34  2 
1  1  35  1 
2  36  1  1 
2  35  2  2 
2  34  3  3 
2  33  4  4 
2  32  5  5 
2  31  6  6 
2  30  7  7 
2  29  8  8 
2  28  9  9 
2  27  10  10 
2  26  11  11 
2  25  12  12 
1  12  25  12 
1  11  26  11 
1  10  27  10 
1  9  28  9 
1  8  29  8 
1  7  30  7 
1  6  31  6 
1  5  32  5 
1  4  33  4 
1  3  34  3 
1  2  35  2 
1  1  36  1 
2  37  1  1 
2  36  2  2 
2  35  3  3 
2  34  4  4 
2  33  5  5 
2  32  6  6 
2  31  7  7 
2  30  8  8 
2  29  9  9 
2  28  10  10 
2  27  11  11 
2  26  12  12 
2  25  13  13 
1  13  25  13 
1  12  26  12 
1  11  27  11 
1  10  28  10 
1  9  29  9 
1  8  30  8 
1  7  31  7 
1  6  32  6 
1  5  33  5 
1  4  34  4 
1  3  35  3 
1  2  36  2 
1  1  37  1 
2  38  1  1 
2  37  2  2 
2  36  3  3 
2  35  4  4 
2  34  5  5 
2  33  6  6 
2  32  7  7 
2  31  8  8 
2  30  9  9 
2  29  10  10 
2  28  11  11 
2  27  12  12 
2  26  13  13 
2  25  14  14 
1  14  25  14 
1  13  26  13 
1  12  27  12 
1  11  28  11 
1  10  29  10 
1  9  30  9 
1  8  31  8 
1  7  32  7 
1  6  33  6 
1  5  34  5 
1  4  35  4 
1  3  36  3 
1  2  37  2 
1  1  38  1 
2  39  1  1 
2  38  2  2 
2  37  3  3 
2  36  4  4 
2  35  5  5 
2  34  6  6 
2  33  7  7 
2  32  8  8 
2  31  9  9 
2  30  10  10 
2  29  11  11 
2  28  12  12 
2  27  13  13 
2  26  14  14 
2  25  15  15 
1  15  25  15 
1  14  26  14 
1  13  27  13 
1  12  28  12 
1  11  29  11 
1  10  30  10 
1  9  31  9 
1  8  32  8 
1  7  33  7 
1  6  34  6 
1  5  35  5 
1  4  36  4 
1  3  37  3 
1  2  38  2 
1  1  39  1 
2  40  1  1 
2  39  2  2 
2  38  3  3 
2  37  4  4 
2  36  5  5 
2  35  6  6 
2  34  7  7 
2  33  8  8 
2  32  9  9 
2  31  10  10 
2  30  11  11 
2  29  12  12 
2  28  13  13 
2  27  14  14 
2  26  15  15 
2  25  16  16 
1  16  25  16 
1  15  26  15 
1  14  27  14 
1  13  28  13 
1  12  29  12 
1  11  30  11 
1  10  31  10 
1  9  32  9 
1  8  33  8 
1  7  34  7 
1  6  35  6 
1  5  36  5 
1  4  37  4 
1  3  38  3 
1  2  39  2 
1  1  40  1 
2  41  1  1 
2  40  2  2 
2  39  3  3 
2  38  4  4 
2  37  5  5 
2  36  6  6 
2  35  7  7 
2  34  8  8 
2  33  9  9 
2  32  10  10 
2  31  11  11 
2  30  12  12 
2  29  13  13 
2  28  14  14 
2  27  15  15 
2  26  16  16 
2  25  17  17 
1  17  25  17 
1  16  26  16 
1  15  27  15 
1  14  28  14 
1  13  29  13 
1  12  30  12 
1  11  31  11 
1  10  32  10 
1  9  33  9 
1  8  34  8 
1  7  35  7 
1  6  36  6 
1  5  37  5 
1  4  38  4 
1  3  39  3 
1  2  40  2 
1  1  41  1 
2  42  1  1 
2  41  2  2 
2  40  3  3 
2  39  4  4 
2  38  5  5 
2  37  6  6 
2  36  7  7 
2  35  8  8 
2  34  9  9 
2  33  10  10 
2  32  11  11 
2  31  12  12 
2  30  13  13 
2  29  14  14 
2  28  15  15 
2  27  16  16 
2  26  17  17 
2  25  18  18 
1  18  25  18 
1  17  26  17 
1  16  27  16 
1  15  28  15 
1  14  29  14 
1  13  30  13 
1  12  31  12 
1  11  32  11 
1  10  33  10 
1  9  34  9 
1  8  35  8 
1  7  36  7 
1  6  37  6 
1  5  38  5 
1  4  39  4 
1  3  40  3 
1  2  41  2 
1  1  42  1 
2  43  1  1 
2  42  2  2 
2  41  3  3 
2  40  4  4 
2  39  5  5 
2  38  6  6 
2  37  7  7 
2  36  8  8 
2  35  9  9 
2  34  10  10 
2  33  11  11 
2  32  12  12 
2  31  13  13 
2  30  14  14 
2  29  15  15 
2  28  16  16 
2  27  17  17 
2  26  18  18 
2  25  19  19 
1  19  25  19 
1  18  26  18 
1  17  27  17 
1  16  28  16 
1  15  29  15 
1  14  30  14 
1  13  31  13 
1  12  32  12 
1  11  33  11 
1  10  34  10 
1  9  35  9 
1  8  36  8 
1  7  37  7 
1  6  38  6 
1  5  39  5 
1  4  40  4 
1  3  41  3 
1  2  42  2 
1  1  43  1 
2  44  1  1 
2  43  2  2 
2  42  3  3 
2  41  4  4 
2  40  5  5 
2  39  6  6 
2  38  7  7 
2  37  8  8 
2  36  9  9 
2  35  10  10 
2  34  11  11 
2  33  12  12 
2  32  13  13 
2  31  14  14 
2  30  15  15 
2  29  16  16 
2  28  17  17 
2  27  18  18 
2  26  19  19 
2  25  20  20 
1  20  25  20 
1  19  26  19 
1  18  27  18 
1  17  28  17 
1  16  29  16 
1  15  30  15 
1  14  31  14 
1  13  32  13 
1  12  33  12 
1  11  34  11 
1  10  35  10 
1  9  36  9 
1  8  37  8 
1  7  38  7 
1  6  39  6 
1  5  40  5 
1  4  41  4 
1  3  42  3 
1  2  43  2 
1  1  44  1 
2  45  1  1 
2  44  2  2 
2  43  3  3 
2  42  4  4 
2  41  5  5 
2  40  6  6 
2  39  7  7 
2  38  8  8 
2  37  9  9 
2  36  10  10 
2  35  11  11 
2  34  12  12 
2  33  13  13 
2  32  14  14 
2  31  15  15 
2  30  16  16 
2  29  17  17 
2  28  18  18 
2  27  19  19 
2  26  20  20 
2  25  21  21 
1  21  25  21 
1  20  26  20 
1  19  27  19 
1  18  28  18 
1  17  29  17 
1  16  30  16 
1  15  31  15 
1  14  32  14 
1  13  33  13 
1  12  34  12 
1  11  35  11 
1  10  36  10 
1  9  37  9 
1  8  38  8 
1  7  39  7 
1  6  40  6 
1  5  41  5 
1  4  42  4 
1  3  43  3 
1  2  44  2 
1  1  45  1 
2  46  1  1 
2  45  2  2 
2  44  3  3 
2  43  4  4 
2  42  5  5 
2  41  6  6 
2  40  7  7 
2  39  8  8 
2  38  9  9 
2  37  10  10 
2  36  11  11 
2  35  12  12 
2  34  13  13 
2  33  14  14 
2  32  15  15 
2  31  16  16 
2  30  17  17 
2  29  18  18 
2  28  19  19 
2  27  20  20 
2  26  21  21 
2  25  22  22 
1  22  25  22 
1  21  26  21 
1  20  27  20 
1  19  28  19 
1  18  29  18 
1  17  30  17 
1  16  31  16 
1  15  32  15 
1  14  33  14 
1  13  34  13 
1  12  35  12 
1  11  36  11 
1  10  37  10 
1  9  38  9 
1  8  39  8 
1  7  40  7 
1  6  41  6 
1  5  42  5 
1  4  43  4 
1  3  44  3 
1  2  45  2 
1  1  46  1 
2  47  1  1 
2  46  2  2 
2  45  3  3 
2  44  4  4 
2  43  5  5 
2  42  6  6 
2  41  7  7 
2  40  8  8 
2  39  9  9 
2  38  10  10 
2  37  11  11 
2  36  12  12 
2  35  13  13 
2  34  14  14 
2  33  15  15 
2  32  16  16 
2  31  17  17 
2  30  18  18 
2  29  19  19 
2  28  20  20 
2  27  21  21 
2  26  22  22 
2  25  23  23 
1  23  25  23 
1  22  26  22 
1  21  27  21 
1  20  28  20 
1  19  29  19 
1  18  30  18 
1  17  31  17 
1  16  32  16 
1  15  33  15 
1  14  34  14 
1  13  35  13 
1  12  36  12 
1  11  37  11 
1  10  38  10 
1  9  39  9 
1  8  40  8 
1  7  41  7 
1  6  42  6 
1  5  43  5 
1  4  44  4 
1  3  45  3 
1  2  46  2 
1  1  47  1 
1  49  0  1 
2  47  2  1 
2  46  3  2 
2  45  4  3 
2  44  5  4 
2  43  6  5 
2  42  7  6 
2  41  8  7 
2  40  9  8 
2  39  10  9 
2  38  11  10 
2  37  12  11 
2  36  13  12 
2  35  14  13 
2  34  15  14 
2  33  16  15 
2  32  17  16 
2  31  18  17 
2  30  19  18 
2  29  20  19 
2  28  21  20 
2  27  22  21 
2  26  23  22 
2  25  24  23 
1  24  25  23 
1  23  26  22 
1  22  27  21 
1  21  28  20 
1  20  29  19 
1  19  30  18 
1  18  31  17 
1  17  32  16 
1  16  33  15 
1  15  34  14 
1  14  35  13 
1  13  36  12 
1  12  37  11 
1  11  38  10 
1  10  39  9 
1  9  40  8 
1  8  41  7 
1  7  42  6 
1  6  43  5 
1  5  44  4 
1  4  45  3 
1  3  46  2 
1  2  47  1 
2  0  49  1 
1  50  0  2 
1  49  1  1 
2  47  3  1 
2  46  4  2 
2  45  5  3 
2  44  6  4 
2  43  7  5 
2  42  8  6 
2  41  9  7 
2  40  10  8 
2  39  11  9 
2  38  12  10 
2  37  13  11 
2  36  14  12 
2  35  15  13 
2  34  16  14 
2  33  17  15 
2  32  18  16 
2  31  19  17 
2  30  20  18 
2  29  21  19 
2  28  22  20 
2  27  23  21 
2  26  24  22 
1  24  26  22 
1  23  27  21 
1  22  28  20 
1  21  29  19 
1  20  30  18 
1  19  31  17 
1  18  32  16 
1  17  33  15 
1  16  34  14 
1  15  35  13 
1  14  36  12 
1  13  37  11 
1  12  38  10 
1  11  39  9 
1  10  40  8 
1  9  41  7 
1  8  42  6 
1  7  43  5 
1  6  44  4 
1  5  45  3 
1  4  46  2 
1  3  47  1 
2  1  49  1 
2  0  50  2 
1  50  1  2 
1  49  2  1 
2  47  4  1 
2  46  5  2 
2  45  6  3 
2  44  7  4 
2  43  8  5 
2  42  9  6 
2  41  10  7 
2  40  11  8 
2  39  12  9 
2  38  13  10 
2  37  14  11 
2  36  15  12 
2  35  16  13 
2  34  17  14 
2  33  18  15 
2  32  19  16 
2  31  20  17 
2  30  21  18 
2  29  22  19 
2  28  23  20 
2  27  24  21 
1  24  27  21 
1  23  28  20 
1  22  29  19 
1  21  30  18 
1  20  31  17 
1  19  32  16 
1  18  33  15 
1  17  34  14 
1  16  35  13 
1  15  36  12 
1  14  37  11 
1  13  38  10 
1  12  39  9 
1  11  40  8 
1  10  41  7 
1  9  42  6 
1  8  43  5 
1  7  44  4 
1  6  45  3 
1  5  46  2 
1  4  47  1 
2  2  49  1 
2  1  50  2 
2  51  1  1 
2  50  2  2 
2  49  3  3 
2  48  4  4 
2  47  5  5 
2  46  6  6 
2  45  7  7 
2  44  8  8 
2  43  9  9 
2  42  10  10 
2  41  11  11 
2  40  12  12 
2  39  13  13 
2  38  14  14 
2  37  15  15 
2  36  16  16 
2  35  17  17 
2  34  18  18 
2  33  19  19 
2  32  20  20 
2  31  21  21 
2  30  22  22 
2  29  23  23 
2  28  24  24 
1  24  28  24 
1  23  29  23 
1  22  30  22 
1  21  31  21 
1  20  32  20 
1  19  33  19 
1  18  34  18 
1  17  35  17 
1  16  36  16 
1  15  37  15 
1  14  38  14 
1  13  39  13 
1  12  40  12 
1  11  41  11 
1  10  42  10 
1  9  43  9 
1  8  44  8 
1  7  45  7 
1  6  46  6 
1  5  47  5 
1  4  48  4 
1  3  49  3 
1  2  50  2 
1  1  51  1 
2  52  1  1 
2  51  2  2 
2  50  3  3 
2  49  4  4 
2  48  5  5 
2  47  6  6 
2  46  7  7 
2  45  8  8 
2  44  9  9 
2  43  10  10 
2  42  11  11 
2  41  12  12 
2  40  13  13 
2  39  14  14 
2  38  15  15 
2  37  16  16 
2  36  17  17 
2  35  18  18 
2  34  19  19 
2  33  20  20 
2  32  21  21 
2  31  22  22 
2  30  23  23 
2  29  24  24 
1  24  29  24 
1  23  30  23 
1  22  31  22 
1  21  32  21 
1  20  33  20 
1  19  34  19 
1  18  35  18 
1  17  36  17 
1  16  37  16 
1  15  38  15 
1  14  39  14 
1  13  40  13 
1  12  41  12 
1  11  42  11 
1  10  43  10 
1  9  44  9 
1  8  45  8 
1  7  46  7 
1  6  47  6 
1  5  48  5 
1  4  49  4 
1  3  50  3 
1  2  51  2 
1  1  52  1 
2  53  1  1 
2  52  2  2 
2  51  3  3 
2  50  4  4 
2  49  5  5 
2  48  6  6 
2  47  7  7 
2  46  8  8 
2  45  9  9 
2  44  10  10 
2  43  11  11 
2  42  12  12 
2  41  13  13 
2  40  14  14 
2  39  15  15 
2  38  16  16 
2  37  17  17 
2  36  18  18 
2  35  19  19 
2  34  20  20 
2  33  21  21 
2  32  22  22 
2  31  23  23 
2  30  24  24 
1  24  30  24 
1  23  31  23 
1  22  32  22 
1  21  33  21 
1  20  34  20 
1  19  35  19 
1  18  36  18 
1  17  37  17 
1  16  38  16 
1  15  39  15 
1  14  40  14 
1  13  41  13 
1  12  42  12 
1  11  43  11 
1  10  44  10 
1  9  45  9 
1  8  46  8 
1  7  47  7 
1  6  48  6 
1  5  49  5 
1  4  50  4 
1  3  51  3 
1  2  52  2 
1  1  53  1 
2  54  1  1 
2  53  2  2 
2  52  3  3 
2  51  4  4 
2  50  5  5 
2  49  6  6 
2  48  7  7 
2  47  8  8 
2  46  9  9 
2  45  10  10 
2  44  11  11 
2  43  12  12 
2  42  13  13 
2  41  14  14 
2  40  15  15 
2  39  16  16 
2  38  17  17 
2  37  18  18 
2  36  19  19 
2  35  20  20 
2  34  21  21 
2  33  22  22 
2  32  23  23 
2  31  24  24 
1  24  31  24 
1  23  32  23 
1  22  33  22 
1  21  34  21 
1  20  35  20 
1  19  36  19 
1  18  37  18 
1  17  38  17 
1  16  39  16 
1  15  40  15 
1  14  41  14 
1  13  42  13 
1  12  43  12 
1  11  44  11 
1  10  45  10 
1  9  46  9 
1  8  47  8 
1  7  48  7 
1  6  49  6 
1  5  50  5 
1  4  51  4 
1  3  52  3 
1  2  53  2 
1  1  54  1 
2  55  1  1 
2  54  2  2 
2  53  3  3 
2  52  4  4 
2  51  5  5 
2  50  6  6 
2  49  7  7 
2  48  8  8 
2  47  9  9 
2  46  10  10 
2  45  11  11 
2  44  12  12 
2  43  13  13 
2  42  14  14 
2  41  15  15 
2  40  16  16 
2  39  17  17 
2  38  18  18 
2  37  19  19 
2  36  20  20 
2  35  21  21 
2  34  22  22 
2  33  23  23 
2  32  24  24 
1  24  32  24 
1  23  33  23 
1  22  34  22 
1  21  35  21 
1  20  36  20 
1  19  37  19 
1  18  38  18 
1  17  39  17 
1  16  40  16 
1  15  41  15 
1  14  42  14 
1  13  43  13 
1  12  44  12 
1  11  45  11 
1  10  46  10 
1  9  47  9 
1  8  48  8 
1  7  49  7 
1  6  50  6 
1  5  51  5 
1  4  52  4 
1  3  53  3 
1  2  54  2 
1  1  55  1 
2  56  1  1 
2  55  2  2 
2  54  3  3 
2  53  4  4 
2  52  5  5 
2  51  6  6 
2  50  7  7 
2  49  8  8 
2  48  9  9 
2  47  10  10 
2  46  11  11 
2  45  12  12 
2  44  13  13 
2  43  14  14 
2  42  15  15 
2  41  16  16 
2  40  17  17 
2  39  18  18 
2  38  19  19 
2  37  20  20 
2  36  21  21 
2  35  22  22 
2  34  23  23 
2  33  24  24 
1  24  33  24 
1  23  34  23 
1  22  35  22 
1  21  36  21 
1  20  37  20 
1  19  38  19 
1  18  39  18 
1  17  40  17 
1  16  41  16 
1  15  42  15 
1  14  43  14 
1  13  44  13 
1  12  45  12 
1  11  46  11 
1  10  47  10 
1  9  48  9 
1  8  49  8 
1  7  50  7 
1  6  51  6 
1  5  52  5 
1  4  53  4 
1  3  54  3 
1  2  55  2 
1  1  56  1 
2  57  1  1 
2  56  2  2 
2  55  3  3 
2  54  4  4 
2  53  5  5 
2  52  6  6 
2  51  7  7 
2  50  8  8 
2  49  9  9 
2  48  10  10 
2  47  11  11 
2  46  12  12 
2  45  13  13 
2  44  14  14 
2  43  15  15 
2  42  16  16 
2  41  17  17 
2  40  18  18 
2  39  19  19 
2  38  20  20 
2  37  21  21 
2  36  22  22 
2  35  23  23 
2  34  24  24 
1  24  34  24 
1  23  35  23 
1  22  36  22 
1  21  37  21 
1  20  38  20 
1  19  39  19 
1  18  40  18 
1  17  41  17 
1  16  42  16 
1  15  43  15 
1  14  44  14 
1  13  45  13 
1  12  46  12 
1  11  47  11 
1  10  48  10 
1  9  49  9 
1  8  50  8 
1  7  51  7 
1  6  52  6 
1  5  53  5 
1  4  54  4 
1  3  55  3 
1  2  56  2 
1  1  57  1 
2  58  1  1 
2  57  2  2 
2  56  3  3 
2  55  4  4 
2  54  5  5 
2  53  6  6 
2  52  7  7 
2  51  8  8 
2  50  9  9 
2  49  10  10 
2  48  11  11 
2  47  12  12 
2  46  13  13 
2  45  14  14 
2  44  15  15 
2  43  16  16 
2  42  17  17 
2  41  18  18 
2  40  19  19 
2  39  20  20 
2  38  21  21 
2  37  22  22 
2  36  23  23 
2  35  24  24 
1  24  35  24 
1  23  36  23 
1  22  37  22 
1  21  38  21 
1  20  39  20 
1  19  40  19 
1  18  41  18 
1  17  42  17 
1  16  43  16 
1  15  44  15 
1  14  45  14 
1  13  46  13 
1  12  47  12 
1  11  48  11 
1  10  49  10 
1  9  50  9 
1  8  51  8 
1  7  52  7 
1  6  53  6 
1  5  54  5 
1  4  55  4 
1  3  56  3 
1  2  57  2 
1  1  58  1 
2  59  1  1 
2  58  2  2 
2  57  3  3 
2  56  4  4 
2  55  5  5 
2  54  6  6 
2  53  7  7 
2  52  8  8 
2  51  9  9 
2  50  10  10 
2  49  11  11 
2  48  12  12 
2  47  13  13 
2  46  14  14 
2  45  15  15 
2  44  16  16 
2  43  17  17 
2  42  18  18 
2  41  19  19 
2  40  20  20 
2  39  21  21 
2  38  22  22 
2  37  23  23 
2  36  24  24 
1  24  36  24 
1  23  37  23 
1  22  38  22 
1  21  39  21 
1  20  40  20 
1  19  41  19 
1  18  42  18 
1  17  43  17 
1  16  44  16 
1  15  45  15 
1  14  46  14 
1  13  47  13 
1  12  48  12 
1  11  49  11 
1  10  50  10 
1  9  51  9 
1  8  52  8 
1  7  53  7 
1  6  54  6 
1  5  55  5 
1  4  56  4 
1  3  57  3 
1  2  58  2 
1  1  59  1 
2  60  1  1 
2  59  2  2 
2  58  3  3 
2  57  4  4 
2  56  5  5 
2  55  6  6 
2  54  7  7 
2  53  8  8 
2  52  9  9 
2  51  10  10 
2  50  11  11 
2  49  12  12 
2  48  13  13 
2  47  14  14 
2  46  15  15 
2  45  16  16 
2  44  17  17 
2  43  18  18 
2  42  19  19 
2  41  20  20 
2  40  21  21 
2  39  22  22 
2  38  23  23 
2  37  24  24 
1  24  37  24 
1  23  38  23 
1  22  39  22 
1  21  40  21 
1  20  41  20 
1  19  42  19 
1  18  43  18 
1  17  44  17 
1  16  45  16 
1  15  46  15 
1  14  47  14 
1  13  48  13 
1  12  49  12 
1  11  50  11 
1  10  51  10 
1  9  52  9 
1  8  53  8 
1  7  54  7 
1  6  55  6 
1  5  56  5 
1  4  57  4 
1  3  58  3 
1  2  59  2 
1  1  60  1 
2  61  1  1 
2  60  2  2 
2  59  3  3 
2  58  4  4 
2  57  5  5 
2  56  6  6 
2  55  7  7 
2  54  8  8 
2  53  9  9 
2  52  10  10 
2  51  11  11 
2  50  12  12 
2  49  13  13 
2  48  14  14 
2  47  15  15 
2  46  16  16 
2  45  17  17 
2  44  18  18 
2  43  19  19 
2  42  20  20 
2  41  21  21 
2  40  22  22 
2  39  23  23 
2  38  24  24 
1  24  38  24 
1  23  39  23 
1  22  40  22 
1  21  41  21 
1  20  42  20 
1  19  43  19 
1  18  44  18 
1  17  45  17 
1  16  46  16 
1  15  47  15 
1  14  48  14 
1  13  49  13 
1  12  50  12 
1  11  51  11 
1  10  52  10 
1  9  53  9 
1  8  54  8 
1  7  55  7 
1  6  56  6 
1  5  57  5 
1  4  58  4 
1  3  59  3 
1  2  60  2 
1  1  61  1 
2  62  1  1 
2  61  2  2 
2  60  3  3 
2  59  4  4 
2  58  5  5 
2  57  6  6 
2  56  7  7 
2  55  8  8 
2  54  9  9 
2  53  10  10 
2  52  11  11 
2  51  12  12 
2  50  13  13 
2  49  14  14 
2  48  15  15 
2  47  16  16 
2  46  17  17 
2  45  18  18 
2  44  19  19 
2  43  20  20 
2  42  21  21 
2  41  22  22 
2  40  23  23 
2  39  24  24 
1  24  39  24 
1  23  40  23 
1  22  41  22 
1  21  42  21 
1  20  43  20 
1  19  44  19 
1  18  45  18 
1  17  46  17 
1  16  47  16 
1  15  48  15 
1  14  49  14 
1  13  50  13 
1  12  51  12 
1  11  52  11 
1  10  53  10 
1  9  54  9 
1  8  55  8 
1  7  56  7 
1  6  57  6 
1  5  58  5 
1  4  59  4 
1  3  60  3 
1  2  61  2 
1  1  62  1 
2  63  1  1 
2  62  2  2 
2  61  3  3 
2  60  4  4 
2  59  5  5 
2  58  6  6 
2  57  7  7 
2  56  8  8 
2  55  9  9 
2  54  10  10 
2  53  11  11 
2  52  12  12 
2  51  13  13 
2  50  14  14 
2  49  15  15 
2  48  16  16 
2  47  17  17 
2  46  18  18 
2  45  19  19 
2  44  20  20 
2  43  21  21 
2  42  22  22 
2  41  23  23 
2  40  24  24 
1  24  40  24 
1  23  41  23 
1  22  42  22 
1  21  43  21 
1  20  44  20 
1  19  45  19 
1  18  46  18 
1  17  47  17 
1  16  48  16 
1  15  49  15 
1  14  50  14 
1  13  51  13 
1  12  52  12 
1  11  53  11 
1  10  54  10 
1  9  55  9 
1  8  56  8 
1  7  57  7 
1  6  58  6 
1  5  59  5 
1  4  60  4 
1  3  61  3 
1  2  62  2 
1  1  63  1 
2  64  1  1 
2  63  2  2 
2  62  3  3 
2  61  4  4 
2  60  5  5 
2  59  6  6 
2  58  7  7 
2  57  8  8 
2  56  9  9 
2  55  10  10 
2  54  11  11 
2  53  12  12 
2  52  13  13 
2  51  14  14 
2  50  15  15 
2  49  16  16 
2  48  17  17 
2  47  18  18 
2  46  19  19 
2  45  20  20 
2  44  21  21 
2  43  22  22 
2  42  23  23 
2  41  24  24 
1  24  41  24 
1  23  42  23 
1  22  43  22 
1  21  44  21 
1  20  45  20 
1  19  46  19 
1  18  47  18 
1  17  48  17 
1  16  49  16 
1  15  50  15 
1  14  51  14 
1  13  52  13 
1  12  53  12 
1  11  54  11 
1  10  55  10 
1  9  56  9 
1  8  57  8 
1  7  58  7 
1  6  59  6 
1  5  60  5 
1  4  61  4 
1  3  62  3 
1  2  63  2 
1  1  64  1 
2  65  1  1 
2  64  2  2 
2  63  3  3 
2  62  4  4 
2  61  5  5 
2  60  6  6 
2  59  7  7 
2  58  8  8 
2  57  9  9 
2  56  10  10 
2  55  11  11 
2  54  12  12 
2  53  13  13 
2  52  14  14 
2  51  15  15 
2  50  16  16 
2  49  17  17 
2  48  18  18 
2  47  19  19 
2  46  20  20 
2  45  21  21 
2  44  22  22 
2  43  23  23 
2  42  24  24 
1  24  42  24 
1  23  43  23 
1  22  44  22 
1  21  45  21 
1  20  46  20 
1  19  47  19 
1  18  48  18 
1  17  49  17 
1  16  50  16 
1  15  51  15 
1  14  52  14 
1  13  53  13 
1  12  54  12 
1  11  55  11 
1  10  56  10 
1  9  57  9 
1  8  58  8 
1  7  59  7 
1  6  60  6 
1  5  61  5 
1  4  62  4 
1  3  63  3 
1  2  64  2 
1  1  65  1 
2  66  1  1 
2  65  2  2 
2  64  3  3 
2  63  4  4 
2  62  5  5 
2  61  6  6 
2  60  7  7 
2  59  8  8 
2  58  9  9 
2  57  10  10 
2  56  11  11 
2  55  12  12 
2  54  13  13 
2  53  14  14 
2  52  15  15 
2  51  16  16 
2  50  17  17 
2  49  18  18 
2  48  19  19 
2  47  20  20 
2  46  21  21 
2  45  22  22 
2  44  23  23 
2  43  24  24 
1  24  43  24 
1  23  44  23 
1  22  45  22 
1  21  46  21 
1  20  47  20 
1  19  48  19 
1  18  49  18 
1  17  50  17 
1  16  51  16 
1  15  52  15 
1  14  53  14 
1  13  54  13 
1  12  55  12 
1  11  56  11 
1  10  57  10 
1  9  58  9 
1  8  59  8 
1  7  60  7 
1  6  61  6 
1  5  62  5 
1  4  63  4 
1  3  64  3 
1  2  65  2 
1  1  66  1 
2  67  1  1 
2  66  2  2 
2  65  3  3 
2  64  4  4 
2  63  5  5 
2  62  6  6 
2  61  7  7 
2  60  8  8 
2  59  9  9 
2  58  10  10 
2  57  11  11 
2  56  12  12 
2  55  13  13 
2  54  14  14 
2  53  15  15 
2  52  16  16 
2  51  17  17 
2  50  18  18 
2  49  19  19 
2  48  20  20 
2  47  21  21 
2  46  22  22 
2  45  23  23 
2  44  24  24 
1  24  44  24 
1  23  45  23 
1  22  46  22 
1  21  47  21 
1  20  48  20 
1  19  49  19 
1  18  50  18 
1  17  51  17 
1  16  52  16 
1  15  53  15 
1  14  54  14 
1  13  55  13 
1  12  56  12 
1  11  57  11 
1  10  58  10 
1  9  59  9 
1  8  60  8 
1  7  61  7 
1  6  62  6 
1  5  63  5 
1  4  64  4 
1  3  65  3 
1  2  66  2 
1  1  67  1 
2  68  1  1 
2  67  2  2 
2  66  3  3 
2  65  4  4 
2  64  5  5 
2  63  6  6 
2  62  7  7 
2  61  8  8 
2  60  9  9 
2  59  10  10 
2  58  11  11 
2  57  12  12 
2  56  13  13 
2  55  14  14 
2  54  15  15 
2  53  16  16 
2  52  17  17 
2  51  18  18 
2  50  19  19 
2  49  20  20 
2  48  21  21 
2  47  22  22 
2  46  23  23 
2  45  24  24 
1  24  45  24 
1  23  46  23 
1  22  47  22 
1  21  48  21 
1  20  49  20 
1  19  50  19 
1  18  51  18 
1  17  52  17 
1  16  53  16 
1  15  54  15 
1  14  55  14 
1  13  56  13 
1  12  57  12 
1  11  58  11 
1  10  59  10 
1  9  60  9 
1  8  61  8 
1  7  62  7 
1  6  63  6 
1  5  64  5 
1  4  65  4 
1  3  66  3 
1  2  67  2 
1  1  68  1 
2  69  1  1 
2  68  2  2 
2  67  3  3 
2  66  4  4 
2  65  5  5 
2  64  6  6 
2  63  7  7 
2  62  8  8 
2  61  9  9 
2  60  10  10 
2  59  11  11 
2  58  12  12 
2  57  13  13 
2  56  14  14 
2  55  15  15 
2  54  16  16 
2  53  17  17 
2  52  18  18 
2  51  19  19 
2  50  20  20 
2  49  21  21 
2  48  22  22 
2  47  23  23 
2  46  24  24 
1  24  46  24 
1  23  47  23 
1  22  48  22 
1  21  49  21 
1  20  50  20 
1  19  51  19 
1  18  52  18 
1  17  53  17 
1  16  54  16 
1  15  55  15 
1  14  56  14 
1  13  57  13 
1  12  58  12 
1  11  59  11 
1  10  60  10 
1  9  61  9 
1  8  62  8 
1  7  63  7 
1  6  64  6 
1  5  65  5 
1  4  66  4 
1  3  67  3 
1  2  68  2 
1  1  69  1 
2  70  1  1 
2  69  2  2 
2  68  3  3 
2  67  4  4 
2  66  5  5 
2  65  6  6 
2  64  7  7 
2  63  8  8 
2  62  9  9 
2  61  10  10 
2  60  11  11 
2  59  12  12 
2  58  13  13 
2  57  14  14 
2  56  15  15 
2  55  16  16 
2  54  17  17 
2  53  18  18 
2  52  19  19 
2  51  20  20 
2  50  21  21 
2  49  22  22 
2  48  23  23 
2  47  24  24 
1  24  47  24 
1  23  48  23 
1  22  49  22 
1  21  50  21 
1  20  51  20 
1  19  52  19 
1  18  53  18 
1  17  54  17 
1  16  55  16 
1  15  56  15 
1  14  57  14 
1  13  58  13 
1  12  59  12 
1  11  60  11 
1  10  61  10 
1  9  62  9 
1  8  63  8 
1  7  64  7 
1  6  65  6 
1  5  66  5 
1  4  67  4 
1  3  68  3 
1  2  69  2 
1  1  70  1 
2  71  1  1 
2  70  2  2 
2  69  3  3 
2  68  4  4 
2  67  5  5 
2  66  6  6 
2  65  7  7 
2  64  8  8 
2  63  9  9 
2  62  10  10 
2  61  11  11 
2  60  12  12 
2  59  13  13 
2  58  14  14 
2  57  15  15 
2  56  16  16 
2  55  17  17 
2  54  18  18 
2  53  19  19 
2  52  20  20 
2  51  21  21 
2  50  22  22 
2  49  23  23 
2  48  24  24 
1  24  48  24 
1  23  49  23 
1  22  50  22 
1  21  51  21 
1  20  52  20 
1  19  53  19 
1  18  54  18 
1  17  55  17 
1  16  56  16 
1  15  57  15 
1  14  58  14 
1  13  59  13 
1  12  60  12 
1  11  61  11 
1  10  62  10 
1  9  63  9 
1  8  64  8 
1  7  65  7 
1  6  66  6 
1  5  67  5 
1  4  68  4 
1  3  69  3 
1  2  70  2 
1  1  71  1 
2  72  1  1 
2  71  2  2 
2  70  3  3 
2  69  4  4 
2  68  5  5 
2  67  6  6 
2  66  7  7 
2  65  8  8 
2  64  9  9 
2  63  10  10 
2  62  11  11 
2  61  12  12 
2  60  13  13 
2  59  14  14 
2  58  15  15 
2  57  16  16 
2  56  17  17 
2  55  18  18 
2  54  19  19 
2  53  20  20 
2  52  21  21 
2  51  22  22 
2  50  23  23 
2  49  24  24 
1  24  49  24 
1  23  50  23 
1  22  51  22 
1  21  52  21 
1  20  53  20 
1  19  54  19 
1  18  55  18 
1  17  56  17 
1  16  57  16 
1  15  58  15 
1  14  59  14 
1  13  60  13 
1  12  61  12 
1  11  62  11 
1  10  63  10 
1  9  64  9 
1  8  65  8 
1  7  66  7 
1  6  67  6 
1  5  68  5 
1  4  69  4 
1  3  70  3 
1  2  71  2 
1  1  72  1 
2  73  1  1 
2  72  2  2 
2  71  3  3 
2  70  4  4 
2  69  5  5 
2  68  6  6 
2  67  7  7 
2  66  8  8 
2  65  9  9 
2  64  10  10 
2  63  11  11 
2  62  12  12 
2  61  13  13 
2  60  14  14 
2  59  15  15 
2  58  16  16 
2  57  17  17 
2  56  18  18 
2  55  19  19 
2  54  20  20 
2  53  21  21 
2  52  22  22 
2  51  23  23 
2  50  24  24 
2  49  25  25 
1  25  49  25 
1  24  50  24 
1  23  51  23 
1  22  52  22 
1  21  53  21 
1  20  54  20 
1  19  55  19 
1  18  56  18 
1  17  57  17 
1  16  58  16 
1  15  59  15 
1  14  60  14 
1  13  61  13 
1  12  62  12 
1  11  63  11 
1  10  64  10 
1  9  65  9 
1  8  66  8 
1  7  67  7 
1  6  68  6 
1  5  69  5 
1  4  70  4 
1  3  71  3 
1  2  72  2 
1  1  73  1 
2  74  1  1 
2  73  2  2 
2  72  3  3 
2  71  4  4 
2  70  5  5 
2  69  6  6 
2  68  7  7 
2  67  8  8 
2  66  9  9 
2  65  10  10 
2  64  11  11 
2  63  12  12 
2  62  13  13 
2  61  14  14 
2  60  15  15 
2  59  16  16 
2  58  17  17 
2  57  18  18 
2  56  19  19 
2  55  20  20 
2  54  21  21 
2  53  22  22 
2  52  23  23 
2  51  24  24 
2  50  25  25 
2  49  26  26 
1  26  49  26 
1  25  50  25 
1  24  51  24 
1  23  52  23 
1  22  53  22 
1  21  54  21 
1  20  55  20 
1  19  56  19 
1  18  57  18 
1  17  58  17 
1  16  59  16 
1  15  60  15 
1  14  61  14 
1  13  62  13 
1  12  63  12 
1  11  64  11 
1  10  65  10 
1  9  66  9 
1  8  67  8 
1  7  68  7 
1  6  69  6 
1  5  70  5 
1  4  71  4 
1  3  72  3 
1  2  73  2 
1  1  74  1 
2  75  1  1 
2  74  2  2 
2  73  3  3 
2  72  4  4 
2  71  5  5 
2  70  6  6 
2  69  7  7 
2  68  8  8 
2  67  9  9 
2  66  10  10 
2  65  11  11 
2  64  12  12 
2  63  13  13 
2  62  14  14 
2  61  15  15 
2  60  16  16 
2  59  17  17 
2  58  18  18 
2  57  19  19 
2  56  20  20 
2  55  21  21 
2  54  22  22 
2  53  23  23 
2  52  24  24 
2  51  25  25 
2  50  26  26 
2  49  27  27 
1  27  49  27 
1  26  50  26 
1  25  51  25 
1  24  52  24 
1  23  53  23 
1  22  54  22 
1  21  55  21 
1  20  56  20 
1  19  57  19 
1  18  58  18 
1  17  59  17 
1  16  60  16 
1  15  61  15 
1  14  62  14 
1  13  63  13 
1  12  64  12 
1  11  65  11 
1  10  66  10 
1  9  67  9 
1  8  68  8 
1  7  69  7 
1  6  70  6 
1  5  71  5 
1  4  72  4 
1  3  73  3 
1  2  74  2 
1  1  75  1 
2  76  1  1 
2  75  2  2 
2  74  3  3 
2  73  4  4 
2  72  5  5 
2  71  6  6 
2  70  7  7 
2  69  8  8 
2  68  9  9 
2  67  10  10 
2  66  11  11 
2  65  12  12 
2  64  13  13 
2  63  14  14 
2  62  15  15 
2  61  16  16 
2  60  17  17 
2  59  18  18 
2  58  19  19 
2  57  20  20 
2  56  21  21 
2  55  22  22 
2  54  23  23 
2  53  24  24 
2  52  25  25 
2  51  26  26 
2  50  27  27 
2  49  28  28 
1  28  49  28 
1  27  50  27 
1  26  51  26 
1  25  52  25 
1  24  53  24 
1  23  54  23 
1  22  55  22 
1  21  56  21 
1  20  57  20 
1  19  58  19 
1  18  59  18 
1  17  60  17 
1  16  61  16 
1  15  62  15 
1  14  63  14 
1  13  64  13 
1  12  65  12 
1  11  66  11 
1  10  67  10 
1  9  68  9 
1  8  69  8 
1  7  70  7 
1  6  71  6 
1  5  72  5 
1  4  73  4 
1  3  74  3 
1  2  75  2 
1  1  76  1 
2  77  1  1 
2  76  2  2 
2  75  3  3 
2  74  4  4 
2  73  5  5 
2  72  6  6 
2  71  7  7 
2  70  8  8 
2  69  9  9 
2  68  10  10 
2  67  11  11 
2  66  12  12 
2  65  13  13 
2  64  14  14 
2  63  15  15 
2  62  16  16 
2  61  17  17 
2  60  18  18 
2  59  19  19 
2  58  20  20 
2  57  21  21 
2  56  22  22 
2  55  23  23 
2  54  24  24 
2  53  25  25 
2  52  26  26 
2  51  27  27 
2  50  28  28 
2  49  29  29 
1  29  49  29 
1  28  50  28 
1  27  51  27 
1  26  52  26 
1  25  53  25 
1  24  54  24 
1  23  55  23 
1  22  56  22 
1  21  57  21 
1  20  58  20 
1  19  59  19 
1  18  60  18 
1  17  61  17 
1  16  62  16 
1  15  63  15 
1  14  64  14 
1  13  65  13 
1  12  66  12 
1  11  67  11 
1  10  68  10 
1  9  69  9 
1  8  70  8 
1  7  71  7 
1  6  72  6 
1  5  73  5 
1  4  74  4 
1  3  75  3 
1  2  76  2 
1  1  77  1 
2  78  1  1 
2  77  2  2 
2  76  3  3 
2  75  4  4 
2  74  5  5 
2  73  6  6 
2  72  7  7 
2  71  8  8 
2  70  9  9 
2  69  10  10 
2  68  11  11 
2  67  12  12 
2  66  13  13 
2  65  14  14 
2  64  15  15 
2  63  16  16 
2  62  17  17 
2  61  18  18 
2  60  19  19 
2  59  20  20 
2  58  21  21 
2  57  22  22 
2  56  23  23 
2  55  24  24 
2  54  25  25 
2  53  26  26 
2  52  27  27 
2  51  28  28 
2  50  29  29 
2  49  30  30 
1  30  49  30 
1  29  50  29 
1  28  51  28 
1  27  52  27 
1  26  53  26 
1  25  54  25 
1  24  55  24 
1  23  56  23 
1  22  57  22 
1  21  58  21 
1  20  59  20 
1  19  60  19 
1  18  61  18 
1  17  62  17 
1  16  63  16 
1  15  64  15 
1  14  65  14 
1  13  66  13 
1  12  67  12 
1  11  68  11 
1  10  69  10 
1  9  70  9 
1  8  71  8 
1  7  72  7 
1  6  73  6 
1  5  74  5 
1  4  75  4 
1  3  76  3 
1  2  77  2 
1  1  78  1 
2  79  1  1 
2  78  2  2 
2  77  3  3 
2  76  4  4 
2  75  5  5 
2  74  6  6 
2  73  7  7 
2  72  8  8 
2  71  9  9 
2  70  10  10 
2  69  11  11 
2  68  12  12 
2  67  13  13 
2  66  14  14 
2  65  15  15 
2  64  16  16 
2  63  17  17 
2  62  18  18 
2  61  19  19 
2  60  20  20 
2  59  21  21 
2  58  22  22 
2  57  23  23 
2  56  24  24 
2  55  25  25 
2  54  26  26 
2  53  27  27 
2  52  28  28 
2  51  29  29 
2  50  30  30 
2  49  31  31 
1  31  49  31 
1  30  50  30 
1  29  51  29 
1  28  52  28 
1  27  53  27 
1  26  54  26 
1  25  55  25 
1  24  56  24 
1  23  57  23 
1  22  58  22 
1  21  59  21 
1  20  60  20 
1  19  61  19 
1  18  62  18 
1  17  63  17 
1  16  64  16 
1  15  65  15 
1  14  66  14 
1  13  67  13 
1  12  68  12 
1  11  69  11 
1  10  70  10 
1  9  71  9 
1  8  72  8 
1  7  73  7 
1  6  74  6 
1  5  75  5 
1  4  76  4 
1  3  77  3 
1  2  78  2 
1  1  79  1 
2  80  1  1 
2  79  2  2 
2  78  3  3 
2  77  4  4 
2  76  5  5 
2  75  6  6 
2  74  7  7 
2  73  8  8 
2  72  9  9 
2  71  10  10 
2  70  11  11 
2  69  12  12 
2  68  13  13 
2  67  14  14 
2  66  15  15 
2  65  16  16 
2  64  17  17 
2  63  18  18 
2  62  19  19 
2  61  20  20 
2  60  21  21 
2  59  22  22 
2  58  23  23 
2  57  24  24 
2  56  25  25 
2  55  26  26 
2  54  27  27 
2  53  28  28 
2  52  29  29 
2  51  30  30 
2  50  31  31 
2  49  32  32 
1  32  49  32 
1  31  50  31 
1  30  51  30 
1  29  52  29 
1  28  53  28 
1  27  54  27 
1  26  55  26 
1  25  56  25 
1  24  57  24 
1  23  58  23 
1  22  59  22 
1  21  60  21 
1  20  61  20 
1  19  62  19 
1  18  63  18 
1  17  64  17 
1  16  65  16 
1  15  66  15 
1  14  67  14 
1  13  68  13 
1  12  69  12 
1  11  70  11 
1  10  71  10 
1  9  72  9 
1  8  73  8 
1  7  74  7 
1  6  75  6 
1  5  76  5 
1  4  77  4 
1  3  78  3 
1  2  79  2 
1  1  80  1 
2  81  1  1 
2  80  2  2 
2  79  3  3 
2  78  4  4 
2  77  5  5 
2  76  6  6 
2  75  7  7 
2  74  8  8 
2  73  9  9 
2  72  10  10 
2  71  11  11 
2  70  12  12 
2  69  13  13 
2  68  14  14 
2  67  15  15 
2  66  16  16 
2  65  17  17 
2  64  18  18 
2  63  19  19 
2  62  20  20 
2  61  21  21 
2  60  22  22 
2  59  23  23 
2  58  24  24 
2  57  25  25 
2  56  26  26 
2  55  27  27 
2  54  28  28 
2  53  29  29 
2  52  30  30 
2  51  31  31 
2  50  32  32 
2  49  33  33 
1  33  49  33 
1  32  50  32 
1  31  51  31 
1  30  52  30 
1  29  53  29 
1  28  54  28 
1  27  55  27 
1  26  56  26 
1  25  57  25 
1  24  58  24 
1  23  59  23 
1  22  60  22 
1  21  61  21 
1  20  62  20 
1  19  63  19 
1  18  64  18 
1  17  65  17 
1  16  66  16 
1  15  67  15 
1  14  68  14 
1  13  69  13 
1  12  70  12 
1  11  71  11 
1  10  72  10 
1  9  73  9 
1  8  74  8 
1  7  75  7 
1  6  76  6 
1  5  77  5 
1  4  78  4 
1  3  79  3 
1  2  80  2 
1  1  81  1 
2  82  1  1 
2  81  2  2 
2  80  3  3 
2  79  4  4 
2  78  5  5 
2  77  6  6 
2  76  7  7 
2  75  8  8 
2  74  9  9 
2  73  10  10 
2  72  11  11 
2  71  12  12 
2  70  13  13 
2  69  14  14 
2  68  15  15 
2  67  16  16 
2  66  17  17 
2  65  18  18 
2  64  19  19 
2  63  20  20 
2  62  21  21 
2  61  22  22 
2  60  23  23 
2  59  24  24 
2  58  25  25 
2  57  26  26 
2  56  27  27 
2  55  28  28 
2  54  29  29 
2  53  30  30 
2  52  31  31 
2  51  32  32 
2  50  33  33 
2  49  34  34 
1  34  49  34 
1  33  50  33 
1  32  51  32 
1  31  52  31 
1  30  53  30 
1  29  54  29 
1  28  55  28 
1  27  56  27 
1  26  57  26 
1  25  58  25 
1  24  59  24 
1  23  60  23 
1  22  61  22 
1  21  62  21 
1  20  63  20 
1  19  64  19 
1  18  65  18 
1  17  66  17 
1  16  67  16 
1  15  68  15 
1  14  69  14 
1  13  70  13 
1  12  71  12 
1  11  72  11 
1  10  73  10 
1  9  74  9 
1  8  75  8 
1  7  76  7 
1  6  77  6 
1  5  78  5 
1  4  79  4 
1  3  80  3 
1  2  81  2 
1  1  82  1 
2  83  1  1 
2  82  2  2 
2  81  3  3 
2  80  4  4 
2  79  5  5 
2  78  6  6 
2  77  7  7 
2  76  8  8 
2  75  9  9 
2  74  10  10 
2  73  11  11 
2  72  12  12 
2  71  13  13 
2  70  14  14 
2  69  15  15 
2  68  16  16 
2  67  17  17 
2  66  18  18 
2  65  19  19 
2  64  20  20 
2  63  21  21 
2  62  22  22 
2  61  23  23 
2  60  24  24 
2  59  25  25 
2  58  26  26 
2  57  27  27 
2  56  28  28 
2  55  29  29 
2  54  30  30 
2  53  31  31 
2  52  32  32 
2  51  33  33 
2  50  34  34 
2  49  35  35 
1  35  49  35 
1  34  50  34 
1  33  51  33 
1  32  52  32 
1  31  53  31 
1  30  54  30 
1  29  55  29 
1  28  56  28 
1  27  57  27 
1  26  58  26 
1  25  59  25 
1  24  60  24 
1  23  61  23 
1  22  62  22 
1  21  63  21 
1  20  64  20 
1  19  65  19 
1  18  66  18 
1  17  67  17 
1  16  68  16 
1  15  69  15 
1  14  70  14 
1  13  71  13 
1  12  72  12 
1  11  73  11 
1  10  74  10 
1  9  75  9 
1  8  76  8 
1  7  77  7 
1  6  78  6 
1  5  79  5 
1  4  80  4 
1  3  81  3 
1  2  82  2 
1  1  83  1 
2  84  1  1 
2  83  2  2 
2  82  3  3 
2  81  4  4 
2  80  5  5 
2  79  6  6 
2  78  7  7 
2  77  8  8 
2  76  9  9 
2  75  10  10 
2  74  11  11 
2  73  12  12 
2  72  13  13 
2  71  14  14 
2  70  15  15 
2  69  16  16 
2  68  17  17 
2  67  18  18 
2  66  19  19 
2  65  20  20 
2  64  21  21 
2  63  22  22 
2  62  23  23 
2  61  24  24 
2  60  25  25 
2  59  26  26 
2  58  27  27 
2  57  28  28 
2  56  29  29 
2  55  30  30 
2  54  31  31 
2  53  32  32 
2  52  33  33 
2  51  34  34 
2  50  35  35 
2  49  36  36 
1  36  49  36 
1  35  50  35 
1  34  51  34 
1  33  52  33 
1  32  53  32 
1  31  54  31 
1  30  55  30 
1  29  56  29 
1  28  57  28 
1  27  58  27 
1  26  59  26 
1  25  60  25 
1  24  61  24 
1  23  62  23 
1  22  63  22 
1  21  64  21 
1  20  65  20 
1  19  66  19 
1  18  67  18 
1  17  68  17 
1  16  69  16 
1  15  70  15 
1  14  71  14 
1  13  72  13 
1  12  73  12 
1  11  74  11 
1  10  75  10 
1  9  76  9 
1  8  77  8 
1  7  78  7 
1  6  79  6 
1  5  80  5 
1  4  81  4 
1  3  82  3 
1  2  83  2 
1  1  84  1 
2  85  1  1 
2  84  2  2 
2  83  3  3 
2  82  4  4 
2  81  5  5 
2  80  6  6 
2  79  7  7 
2  78  8  8 
2  77  9  9 
2  76  10  10 
2  75  11  11 
2  74  12  12 
2  73  13  13 
2  72  14  14 
2  71  15  15 
2  70  16  16 
2  69  17  17 
2  68  18  18 
2  67  19  19 
2  66  20  20 
2  65  21  21 
2  64  22  22 
2  63  23  23 
2  62  24  24 
2  61  25  25 
2  60  26  26 
2  59  27  27 
2  58  28  28 
2  57  29  29 
2  56  30  30 
2  55  31  31 
2  54  32  32 
2  53  33  33 
2  52  34  34 
2  51  35  35 
2  50  36  36 
2  49  37  37 
1  37  49  37 
1  36  50  36 
1  35  51  35 
1  34  52  34 
1  33  53  33 
1  32  54  32 
1  31  55  31 
1  30  56  30 
1  29  57  29 
1  28  58  28 
1  27  59  27 
1  26  60  26 
1  25  61  25 
1  24  62  24 
1  23  63  23 
1  22  64  22 
1  21  65  21 
1  20  66  20 
1  19  67  19 
1  18  68  18 
1  17  69  17 
1  16  70  16 
1  15  71  15 
1  14  72  14 
1  13  73  13 
1  12  74  12 
1  11  75  11 
1  10  76  10 
1  9  77  9 
1  8  78  8 
1  7  79  7 
1  6  80  6 
1  5  81  5 
1  4  82  4 
1  3  83  3 
1  2  84  2 
1  1  85  1 
2  86  1  1 
2  85  2  2 
2  84  3  3 
2  83  4  4 
2  82  5  5 
2  81  6  6 
2  80  7  7 
2  79  8  8 
2  78  9  9 
2  77  10  10 
2  76  11  11 
2  75  12  12 
2  74  13  13 
2  73  14  14 
2  72  15  15 
2  71  16  16 
2  70  17  17 
2  69  18  18 
2  68  19  19 
2  67  20  20 
2  66  21  21 
2  65  22  22 
2  64  23  23 
2  63  24  24 
2  62  25  25 
2  61  26  26 
2  60  27  27 
2  59  28  28 
2  58  29  29 
2  57  30  30 
2  56  31  31 
2  55  32  32 
2  54  33  33 
2  53  34  34 
2  52  35  35 
2  51  36  36 
2  50  37  37 
2  49  38  38 
1  38  49  38 
1  37  50  37 
1  36  51  36 
1  35  52  35 
1  34  53  34 
1  33  54  33 
1  32  55  32 
1  31  56  31 
1  30  57  30 
1  29  58  29 
1  28  59  28 
1  27  60  27 
1  26  61  26 
1  25  62  25 
1  24  63  24 
1  23  64  23 
1  22  65  22 
1  21  66  21 
1  20  67  20 
1  19  68  19 
1  18  69  18 
1  17  70  17 
1  16  71  16 
1  15  72  15 
1  14  73  14 
1  13  74  13 
1  12  75  12 
1  11  76  11 
1  10  77  10 
1  9  78  9 
1  8  79  8 
1  7  80  7 
1  6  81  6 
1  5  82  5 
1  4  83  4 
1  3  84  3 
1  2  85  2 
1  1  86  1 
2  87  1  1 
2  86  2  2 
2  85  3  3 
2  84  4  4 
2  83  5  5 
2  82  6  6 
2  81  7  7 
2  80  8  8 
2  79  9  9 
2  78  10  10 
2  77  11  11 
2  76  12  12 
2  75  13  13 
2  74  14  14 
2  73  15  15 
2  72  16  16 
2  71  17  17 
2  70  18  18 
2  69  19  19 
2  68  20  20 
2  67  21  21 
2  66  22  22 
2  65  23  23 
2  64  24  24 
2  63  25  25 
2  62  26  26 
2  61  27  27 
2  60  28  28 
2  59  29  29 
2  58  30  30 
2  57  31  31 
2  56  32  32 
2  55  33  33 
2  54  34  34 
2  53  35  35 
2  52  36  36 
2  51  37  37 
2  50  38  38 
2  49  39  39 
1  39  49  39 
1  38  50  38 
1  37  51  37 
1  36  52  36 
1  35  53  35 
1  34  54  34 
1  33  55  33 
1  32  56  32 
1  31  57  31 
1  30  58  30 
1  29  59  29 
1  28  60  28 
1  27  61  27 
1  26  62  26 
1  25  63  25 
1  24  64  24 
1  23  65  23 
1  22  66  22 
1  21  67  21 
1  20  68  20 
1  19  69  19 
1  18  70  18 
1  17  71  17 
1  16  72  16 
1  15  73  15 
1  14  74  14 
1  13  75  13 
1  12  76  12 
1  11  77  11 
1  10  78  10 
1  9  79  9 
1  8  80  8 
1  7  81  7 
1  6  82  6 
1  5  83  5 
1  4  84  4 
1  3  85  3 
1  2  86  2 
1  1  87  1 
2  88  1  1 
2  87  2  2 
2  86  3  3 
2  85  4  4 
2  84  5  5 
2  83  6  6 
2  82  7  7 
2  81  8  8 
2  80  9  9 
2  79  10  10 
2  78  11  11 
2  77  12  12 
2  76  13  13 
2  75  14  14 
2  74  15  15 
2  73  16  16 
2  72  17  17 
2  71  18  18 
2  70  19  19 
2  69  20  20 
2  68  21  21 
2  67  22  22 
2  66  23  23 
2  65  24  24 
2  64  25  25 
2  63  26  26 
2  62  27  27 
2  61  28  28 
2  60  29  29 
2  59  30  30 
2  58  31  31 
2  57  32  32 
2  56  33  33 
2  55  34  34 
2  54  35  35 
2  53  36  36 
2  52  37  37 
2  51  38  38 
2  50  39  39 
2  49  40  40 
1  40  49  40 
1  39  50  39 
1  38  51  38 
1  37  52  37 
1  36  53  36 
1  35  54  35 
1  34  55  34 
1  33  56  33 
1  32  57  32 
1  31  58  31 
1  30  59  30 
1  29  60  29 
1  28  61  28 
1  27  62  27 
1  26  63  26 
1  25  64  25 
1  24  65  24 
1  23  66  23 
1  22  67  22 
1  21  68  21 
1  20  69  20 
1  19  70  19 
1  18  71  18 
1  17  72  17 
1  16  73  16 
1  15  74  15 
1  14  75  14 
1  13  76  13 
1  12  77  12 
1  11  78  11 
1  10  79  10 
1  9  80  9 
1  8  81  8 
1  7  82  7 
1  6  83  6 
1  5  84  5 
1  4  85  4 
1  3  86  3 
1  2  87  2 
1  1  88  1 
2  89  1  1 
2  88  2  2 
2  87  3  3 
2  86  4  4 
2  85  5  5 
2  84  6  6 
2  83  7  7 
2  82  8  8 
2  81  9  9 
2  80  10  10 
2  79  11  11 
2  78  12  12 
2  77  13  13 
2  76  14  14 
2  75  15  15 
2  74  16  16 
2  73  17  17 
2  72  18  18 
2  71  19  19 
2  70  20  20 
2  69  21  21 
2  68  22  22 
2  67  23  23 
2  66  24  24 
2  65  25  25 
2  64  26  26 
2  63  27  27 
2  62  28  28 
2  61  29  29 
2  60  30  30 
2  59  31  31 
2  58  32  32 
2  57  33  33 
2  56  34  34 
2  55  35  35 
2  54  36  36 
2  53  37  37 
2  52  38  38 
2  51  39  39 
2  50  40  40 
2  49  41  41 
1  41  49  41 
1  40  50  40 
1  39  51  39 
1  38  52  38 
1  37  53  37 
1  36  54  36 
1  35  55  35 
1  34  56  34 
1  33  57  33 
1  32  58  32 
1  31  59  31 
1  30  60  30 
1  29  61  29 
1  28  62  28 
1  27  63  27 
1  26  64  26 
1  25  65  25 
1  24  66  24 
1  23  67  23 
1  22  68  22 
1  21  69  21 
1  20  70  20 
1  19  71  19 
1  18  72  18 
1  17  73  17 
1  16  74  16 
1  15  75  15 
1  14  76  14 
1  13  77  13 
1  12  78  12 
1  11  79  11 
1  10  80  10 
1  9  81  9 
1  8  82  8 
1  7  83  7 
1  6  84  6 
1  5  85  5 
1  4  86  4 
1  3  87  3 
1  2  88  2 
1  1  89  1 
2  89  2  1 
2  88  3  2 
2  87  4  3 
2  86  5  4 
2  85  6  5 
2  84  7  6 
2  83  8  7 
2  82  9  8 
2  81  10  9 
2  80  11  10 
2  79  12  11 
2  78  13  12 
2  77  14  13 
2  76  15  14 
2  75  16  15 
2  74  17  16 
2  73  18  17 
2  72  19  18 
2  71  20  19 
2  70  21  20 
2  69  22  21 
2  68  23  22 
2  67  24  23 
2  66  25  24 
2  65  26  25 
2  64  27  26 
2  63  28  27 
2  62  29  28 
2  61  30  29 
2  60  31  30 
2  59  32  31 
2  58  33  32 
2  57  34  33 
2  56  35  34 
2  55  36  35 
2  54  37  36 
2  53  38  37 
2  52  39  38 
2  51  40  39 
2  50  41  40 
2  49  42  41 
1  42  49  41 
1  41  50  40 
1  40  51  39 
1  39  52  38 
1  38  53  37 
1  37  54  36 
1  36  55  35 
1  35  56  34 
1  34  57  33 
1  33  58  32 
1  32  59  31 
1  31  60  30 
1  30  61  29 
1  29  62  28 
1  28  63  27 
1  27  64  26 
1  26  65  25 
1  25  66  24 
1  24  67  23 
1  23  68  22 
1  22  69  21 
1  21  70  20 
1  20  71  19 
1  19  72  18 
1  18  73  17 
1  17  74  16 
1  16  75  15 
1  15  76  14 
1  14  77  13 
1  13  78  12 
1  12  79  11 
1  11  80  10 
1  10  81  9 
1  9  82  8 
1  8  83  7 
1  7  84  6 
1  6  85  5 
1  5  86  4 
1  4  87  3 
1  3  88  2 
1  2  89  1 
2  89  3  1 
2  88  4  2 
2  87  5  3 
2  86  6  4 
2  85  7  5 
2  84  8  6 
2  83  9  7 
2  82  10  8 
2  81  11  9 
2  80  12  10 
2  79  13  11 
2  78  14  12 
2  77  15  13 
2  76  16  14 
2  75  17  15 
2  74  18  16 
2  73  19  17 
2  72  20  18 
2  71  21  19 
2  70  22  20 
2  69  23  21 
2  68  24  22 
2  67  25  23 
2  66  26  24 
2  65  27  25 
2  64  28  26 
2  63  29  27 
2  62  30  28 
2  61  31  29 
2  60  32  30 
2  59  33  31 
2  58  34  32 
2  57  35  33 
2  56  36  34 
2  55  37  35 
2  54  38  36 
2  53  39  37 
2  52  40  38 
2  51  41  39 
2  50  42  40 
2  49  43  41 
1  43  49  41 
1  42  50  40 
1  41  51  39 
1  40  52  38 
1  39  53  37 
1  38  54  36 
1  37  55  35 
1  36  56  34 
1  35  57  33 
1  34  58  32 
1  33  59  31 
1  32  60  30 
1  31  61  29 
1  30  62  28 
1  29  63  27 
1  28  64  26 
1  27  65  25 
1  26  66  24 
1  25  67  23 
1  24  68  22 
1  23  69  21 
1  22  70  20 
1  21  71  19 
1  20  72  18 
1  19  73  17 
1  18  74  16 
1  17  75  15 
1  16  76  14 
1  15  77  13 
1  14  78  12 
1  13  79  11 
1  12  80  10 
1  11  81  9 
1  10  82  8 
1  9  83  7 
1  8  84  6 
1  7  85  5 
1  6  86  4 
1  5  87  3 
1  4  88  2 
1  3  89  1 
2  89  4  1 
2  88  5  2 
2  87  6  3 
2  86  7  4 
2  85  8  5 
2  84  9  6 
2  83  10  7 
2  82  11  8 
2  81  12  9 
2  80  13  10 
2  79  14  11 
2  78  15  12 
2  77  16  13 
2  76  17  14 
2  75  18  15 
2  74  19  16 
2  73  20  17 
2  72  21  18 
2  71  22  19 
2  70  23  20 
2  69  24  21 
2  68  25  22 
2  67  26  23 
2  66  27  24 
2  65  28  25 
2  64  29  26 
2  63  30  27 
2  62  31  28 
2  61  32  29 
2  60  33  30 
2  59  34  31 
2  58  35  32 
2  57  36  33 
2  56  37  34 
2  55  38  35 
2  54  39  36 
2  53  40  37 
2  52  41  38 
2  51  42  39 
2  50  43  40 
2  49  44  41 
1  44  49  41 
1  43  50  40 
1  42  51  39 
1  41  52  38 
1  40  53  37 
1  39  54  36 
1  38  55  35 
1  37  56  34 
1  36  57  33 
1  35  58  32 
1  34  59  31 
1  33  60  30 
1  32  61  29 
1  31  62  28 
1  30  63  27 
1  29  64  26 
1  28  65  25 
1  27  66  24 
1  26  67  23 
1  25  68  22 
1  24  69  21 
1  23  70  20 
1  22  71  19 
1  21  72  18 
1  20  73  17 
1  19  74  16 
1  18  75  15 
1  17  76  14 
1  16  77  13 
1  15  78  12 
1  14  79  11 
1  13  80  10 
1  12  81  9 
1  11  82  8 
1  10  83  7 
1  9  84  6 
1  8  85  5 
1  7  86  4 
1  6  87  3 
1  5  88  2 
1  4  89  1 
2  89  5  1 
2  88  6  2 
2  87  7  3 
2  86  8  4 
2  85  9  5 
2  84  10  6 
2  83  11  7 
2  82  12  8 
2  81  13  9 
2  80  14  10 
2  79  15  11 
2  78  16  12 
2  77  17  13 
2  76  18  14 
2  75  19  15 
2  74  20  16 
2  73  21  17 
2  72  22  18 
2  71  23  19 
2  70  24  20 
2  69  25  21 
2  68  26  22 
2  67  27  23 
2  66  28  24 
2  65  29  25 
2  64  30  26 
2  63  31  27 
2  62  32  28 
2  61  33  29 
2  60  34  30 
2  59  35  31 
2  58  36  32 
2  57  37  33 
2  56  38  34 
2  55  39  35 
2  54  40  36 
2  53  41  37 
2  52  42  38 
2  51  43  39 
2  50  44  40 
2  49  45  41 
1  45  49  41 
1  44  50  40 
1  43  51  39 
1  42  52  38 
1  41  53  37 
1  40  54  36 
1  39  55  35 
1  38  56  34 
1  37  57  33 
1  36  58  32 
1  35  59  31 
1  34  60  30 
1  33  61  29 
1  32  62  28 
1  31  63  27 
1  30  64  26 
1  29  65  25 
1  28  66  24 
1  27  67  23 
1  26  68  22 
1  25  69  21 
1  24  70  20 
1  23  71  19 
1  22  72  18 
1  21  73  17 
1  20  74  16 
1  19  75  15 
1  18  76  14 
1  17  77  13 
1  16  78  12 
1  15  79  11 
1  14  80  10 
1  13  81  9 
1  12  82  8 
1  11  83  7 
1  10  84  6 
1  9  85  5 
1  8  86  4 
1  7  87  3 
1  6  88  2 
1  5  89  1 
2  89  6  1 
2  88  7  2 
2  87  8  3 
2  86  9  4 
2  85  10  5 
2  84  11  6 
2  83  12  7 
2  82  13  8 
2  81  14  9 
2  80  15  10 
2  79  16  11 
2  78  17  12 
2  77  18  13 
2  76  19  14 
2  75  20  15 
2  74  21  16 
2  73  22  17 
2  72  23  18 
2  71  24  19 
2  70  25  20 
2  69  26  21 
2  68  27  22 
2  67  28  23 
2  66  29  24 
2  65  30  25 
2  64  31  26 
2  63  32  27 
2  62  33  28 
2  61  34  29 
2  60  35  30 
2  59  36  31 
2  58  37  32 
2  57  38  33 
2  56  39  34 
2  55  40  35 
2  54  41  36 
2  53  42  37 
2  52  43  38 
2  51  44  39 
2  50  45  40 
2  49  46  41 
1  46  49  41 
1  45  50  40 
1  44  51  39 
1  43  52  38 
1  42  53  37 
1  41  54  36 
1  40  55  35 
1  39  56  34 
1  38  57  33 
1  37  58  32 
1  36  59  31 
1  35  60  30 
1  34  61  29 
1  33  62  28 
1  32  63  27 
1  31  64  26 
1  30  65  25 
1  29  66  24 
1  28  67  23 
1  27  68  22 
1  26  69  21 
1  25  70  20 
1  24  71  19 
1  23  72  18 
1  22  73  17 
1  21  74  16 
1  20  75  15 
1  19  76  14 
1  18  77  13 
1  17  78  12 
1  16  79  11 
1  15  80  10 
1  14  81  9 
1  13  82  8 
1  12  83  7 
1  11  84  6 
1  10  85  5 
1  9  86  4 
1  8  87  3 
1  7  88  2 
1  6  89  1 
2  89  7  1 
2  88  8  2 
2  87  9  3 
2  86  10  4 
2  85  11  5 
2  84  12  6 
2  83  13  7 
2  82  14  8 
2  81  15  9 
2  80  16  10 
2  79  17  11 
2  78  18  12 
2  77  19  13 
2  76  20  14 
2  75  21  15 
2  74  22  16 
2  73  23  17 
2  72  24  18 
2  71  25  19 
2  70  26  20 
2  69  27  21 
2  68  28  22 
2  67  29  23 
2  66  30  24 
2  65  31  25 
2  64  32  26 
2  63  33  27 
2  62  34  28 
2  61  35  29 
2  60  36  30 
2  59  37  31 
2  58  38  32 
2  57  39  33 
2  56  40  34 
2  55  41  35 
2  54  42  36 
2  53  43  37 
2  52  44  38 
2  51  45  39 
2  50  46  40 
2  49  47  41 
1  47  49  41 
1  46  50  40 
1  45  51  39 
1  44  52  38 
1  43  53  37 
1  42  54  36 
1  41  55  35 
1  40  56  34 
1  39  57  33 
1  38  58  32 
1  37  59  31 
1  36  60  30 
1  35  61  29 
1  34  62  28 
1  33  63  27 
1  32  64  26 
1  31  65  25 
1  30  66  24 
1  29  67  23 
1  28  68  22 
1  27  69  21 
1  26  70  20 
1  25  71  19 
1  24  72  18 
1  23  73  17 
1  22  74  16 
1  21  75  15 
1  20  76  14 
1  19  77  13 
1  18  78  12 
1  17  79  11 
1  16  80  10 
1  15  81  9 
1  14  82  8 
1  13  83  7 
1  12  84  6 
1  11  85  5 
1  10  86  4 
1  9  87  3 
1  8  88  2 
1  7  89  1 
2  89  8  1 
2  88  9  2 
2  87  10  3 
2  86  11  4 
2  85  12  5 
2  84  13  6 
2  83  14  7 
2  82  15  8 
2  81  16  9 
2  80  17  10 
2  79  18  11 
2  78  19  12 
2  77  20  13 
2  76  21  14 
2  75  22  15 
2  74  23  16 
2  73  24  17 
2  72  25  18 
2  71  26  19 
2  70  27  20 
2  69  28  21 
2  68  29  22 
2  67  30  23 
2  66  31  24 
2  65  32  25 
2  64  33  26 
2  63  34  27 
2  62  35  28 
2  61  36  29 
2  60  37  30 
2  59  38  31 
2  58  39  32 
2  57  40  33 
2  56  41  34 
2  55  42  35 
2  54  43  36 
2  53  44  37 
2  52  45  38 
2  51  46  39 
2  50  47  40 
2  49  48  41 
1  48  49  41 
1  47  50  40 
1  46  51  39 
1  45  52  38 
1  44  53  37 
1  43  54  36 
1  42  55  35 
1  41  56  34 
1  40  57  33 
1  39  58  32 
1  38  59  31 
1  37  60  30 
1  36  61  29 
1  35  62  28 
1  34  63  27 
1  33  64  26 
1  32  65  25 
1  31  66  24 
1  30  67  23 
1  29  68  22 
1  28  69  21 
1  27  70  20 
1  26  71  19 
1  25  72  18 
1  24  73  17 
1  23  74  16 
1  22  75  15 
1  21  76  14 
1  20  77  13 
1  19  78  12 
1  18  79  11 
1  17  80  10 
1  16  81  9 
1  15  82  8 
1  14  83  7 
1  13  84  6 
1  12  85  5 
1  11  86  4 
1  10  87  3 
1  9  88  2 
1  8  89  1 
2  89  9  1 
2  88  10  2 
2  87  11  3 
2  86  12  4 
2  85  13  5 
2  84  14  6 
2  83  15  7 
2  82  16  8 
2  81  17  9 
2  80  18  10 
2  79  19  11 
2  78  20  12 
2  77  21  13 
2  76  22  14 
2  75  23  15 
2  74  24  16 
2  73  25  17 
2  72  26  18 
2  71  27  19 
2  70  28  20 
2  69  29  21 
2  68  30  22 
2  67  31  23 
2  66  32  24 
2  65  33  25 
2  64  34  26 
2  63  35  27 
2  62  36  28 
2  61  37  29 
2  60  38  30 
2  59  39  31 
2  58  40  32 
2  57  41  33 
2  56  42  34 
2  55  43  35 
2  54  44  36 
2  53  45  37 
2  52  46  38 
2  51  47  39 
2  50  48  40 
1  48  50  40 
1  47  51  39 
1  46  52  38 
1  45  53  37 
1  44  54  36 
1  43  55  35 
1  42  56  34 
1  41  57  33 
1  40  58  32 
1  39  59  31 
1  38  60  30 
1  37  61  29 
1  36  62  28 
1  35  63  27 
1  34  64  26 
1  33  65  25 
1  32  66  24 
1  31  67  23 
1  30  68  22 
1  29  69  21 
1  28  70  20 
1  27  71  19 
1  26  72  18 
1  25  73  17 
1  24  74  16 
1  23  75  15 
1  22  76  14 
1  21  77  13 
1  20  78  12 
1  19  79  11 
1  18  80  10 
1  17  81  9 
1  16  82  8 
1  15  83  7 
1  14  84  6 
1  13  85  5 
1  12  86  4 
1  11  87  3 
1  10  88  2 
1  9  89  1 
2  89  10  1 
2  88  11  2 
2  87  12  3 
2  86  13  4 
2  85  14  5 
2  84  15  6 
2  83  16  7 
2  82  17  8 
2  81  18  9 
2  80  19  10 
2  79  20  11 
2  78  21  12 
2  77  22  13 
2  76  23  14 
2  75  24  15 
2  74  25  16 
2  73  26  17 
2  72  27  18 
2  71  28  19 
2  70  29  20 
2  69  30  21 
2  68  31  22 
2  67  32  23 
2  66  33  24 
2  65  34  25 
2  64  35  26 
2  63  36  27 
2  62  37  28 
2  61  38  29 
2  60  39  30 
2  59  40  31 
2  58  41  32 
2  57  42  33 
2  56  43  34 
2  55  44  35 
2  54  45  36 
2  53  46  37 
2  52  47  38 
2  51  48  39 
1  48  51  39 
1  47  52  38 
1  46  53  37 
1  45  54  36 
1  44  55  35 
1  43  56  34 
1  42  57  33 
1  41  58  32 
1  40  59  31 
1  39  60  30 
1  38  61  29 
1  37  62  28 
1  36  63  27 
1  35  64  26 
1  34  65  25 
1  33  66  24 
1  32  67  23 
1  31  68  22 
1  30  69  21 
1  29  70  20 
1  28  71  19 
1  27  72  18 
1  26  73  17 
1  25  74  16 
1  24  75  15 
1  23  76  14 
1  22  77  13 
1  21  78  12 
1  20  79  11 
1  19  80  10 
1  18  81  9 
1  17  82  8 
1  16  83  7 
1  15  84  6 
1  14  85  5 
1  13  86  4 
1  12  87  3 
1  11  88  2 
1  10  89  1 
2  89  11  1 
2  88  12  2 
2  87  13  3 
2  86  14  4 
2  85  15  5 
2  84  16  6 
2  83  17  7 
2  82  18  8 
2  81  19  9 
2  80  20  10 
2  79  21  11 
2  78  22  12 
2  77  23  13 
2  76  24  14 
2  75  25  15 
2  74  26  16 
2  73  27  17 
2  72  28  18 
2  71  29  19 
2  70  30  20 
2  69  31  21 
2  68  32  22 
2  67  33  23 
2  66  34  24 
2  65  35  25 
2  64  36  26 
2  63  37  27 
2  62  38  28 
2  61  39  29 
2  60  40  30 
2  59  41  31 
2  58  42  32 
2  57  43  33 
2  56  44  34 
2  55  45  35 
2  54  46  36 
2  53  47  37 
2  52  48  38 
1  48  52  38 
1  47  53  37 
1  46  54  36 
1  45  55  35 
1  44  56  34 
1  43  57  33 
1  42  58  32 
1  41  59  31 
1  40  60  30 
1  39  61  29 
1  38  62  28 
1  37  63  27 
1  36  64  26 
1  35  65  25 
1  34  66  24 
1  33  67  23 
1  32  68  22 
1  31  69  21 
1  30  70  20 
1  29  71  19 
1  28  72  18 
1  27  73  17 
1  26  74  16 
1  25  75  15 
1  24  76  14 
1  23  77  13 
1  22  78  12 
1  21  79  11 
1  20  80  10 
1  19  81  9 
1  18  82  8 
1  17  83  7 
1  16  84  6 
1  15  85  5 
1  14  86  4 
1  13  87  3 
1  12  88  2 
1  11  89  1 
2  89  12  1 
2  88  13  2 
2  87  14  3 
2  86  15  4 
2  85  16  5 
2  84  17  6 
2  83  18  7 
2  82  19  8 
2  81  20  9 
2  80  21  10 
2  79  22  11 
2  78  23  12 
2  77  24  13 
2  76  25  14 
2  75  26  15 
2  74  27  16 
2  73  28  17 
2  72  29  18 
2  71  30  19 
2  70  31  20 
2  69  32  21 
2  68  33  22 
2  67  34  23 
2  66  35  24 
2  65  36  25 
2  64  37  26 
2  63  38  27 
2  62  39  28 
2  61  40  29 
2  60  41  30 
2  59  42  31 
2  58  43  32 
2  57  44  33 
2  56  45  34 
2  55  46  35 
2  54  47  36 
2  53  48  37 
1  48  53  37 
1  47  54  36 
1  46  55  35 
1  45  56  34 
1  44  57  33 
1  43  58  32 
1  42  59  31 
1  41  60  30 
1  40  61  29 
1  39  62  28 
1  38  63  27 
1  37  64  26 
1  36  65  25 
1  35  66  24 
1  34  67  23 
1  33  68  22 
1  32  69  21 
1  31  70  20 
1  30  71  19 
1  29  72  18 
1  28  73  17 
1  27  74  16 
1  26  75  15 
1  25  76  14 
1  24  77  13 
1  23  78  12 
1  22  79  11 
1  21  80  10 
1  20  81  9 
1  19  82  8 
1  18  83  7 
1  17  84  6 
1  16  85  5 
1  15  86  4 
1  14  87  3 
1  13  88  2 
1  12  89  1 
2  89  13  1 
2  88  14  2 
2  87  15  3 
2  86  16  4 
2  85  17  5 
2  84  18  6 
2  83  19  7 
2  82  20  8 
2  81  21  9 
2  80  22  10 
2  79  23  11 
2  78  24  12 
2  77  25  13 
2  76  26  14 
2  75  27  15 
2  74  28  16 
2  73  29  17 
2  72  30  18 
2  71  31  19 
2  70  32  20 
2  69  33  21 
2  68  34  22 
2  67  35  23 
2  66  36  24 
2  65  37  25 
2  64  38  26 
2  63  39  27 
2  62  40  28 
2  61  41  29 
2  60  42  30 
2  59  43  31 
2  58  44  32 
2  57  45  33 
2  56  46  34 
2  55  47  35 
2  54  48  36 
1  48  54  36 
1  47  55  35 
1  46  56  34 
1  45  57  33 
1  44  58  32 
1  43  59  31 
1  42  60  30 
1  41  61  29 
1  40  62  28 
1  39  63  27 
1  38  64  26 
1  37  65  25 
1  36  66  24 
1  35  67  23 
1  34  68  22 
1  33  69  21 
1  32  70  20 
1  31  71  19 
1  30  72  18 
1  29  73  17 
1  28  74  16 
1  27  75  15 
1  26  76  14 
1  25  77  13 
1  24  78  12 
1  23  79  11 
1  22  80  10 
1  21  81  9 
1  20  82  8 
1  19  83  7 
1  18  84  6 
1  17  85  5 
1  16  86  4 
1  15  87  3 
1  14  88  2 
1  13  89  1 
2  89  14  1 
2  88  15  2 
2  87  16  3 
2  86  17  4 
2  85  18  5 
2  84  19  6 
2  83  20  7 
2  82  21  8 
2  81  22  9 
2  80  23  10 
2  79  24  11 
2  78  25  12 
2  77  26  13 
2  76  27  14 
2  75  28  15 
2  74  29  16 
2  73  30  17 
2  72  31  18 
2  71  32  19 
2  70  33  20 
2  69  34  21 
2  68  35  22 
2  67  36  23 
2  66  37  24 
2  65  38  25 
2  64  39  26 
2  63  40  27 
2  62  41  28 
2  61  42  29 
2  60  43  30 
2  59  44  31 
2  58  45  32 
2  57  46  33 
2  56  47  34 
2  55  48  35 
1  48  55  35 
1  47  56  34 
1  46  57  33 
1  45  58  32 
1  44  59  31 
1  43  60  30 
1  42  61  29 
1  41  62  28 
1  40  63  27 
1  39  64  26 
1  38  65  25 
1  37  66  24 
1  36  67  23 
1  35  68  22 
1  34  69  21 
1  33  70  20 
1  32  71  19 
1  31  72  18 
1  30  73  17 
1  29  74  16 
1  28  75  15 
1  27  76  14 
1  26  77  13 
1  25  78  12 
1  24  79  11 
1  23  80  10 
1  22  81  9 
1  21  82  8 
1  20  83  7 
1  19  84  6 
1  18  85  5 
1  17  86  4 
1  16  87  3 
1  15  88  2 
1  14  89  1 
2  89  15  1 
2  88  16  2 
2  87  17  3 
2  86  18  4 
2  85  19  5 
2  84  20  6 
2  83  21  7 
2  82  22  8 
2  81  23  9 
2  80  24  10 
2  79  25  11 
2  78  26  12 
2  77  27  13 
2  76  28  14 
2  75  29  15 
2  74  30  16 
2  73  31  17 
2  72  32  18 
2  71  33  19 
2  70  34  20 
2  69  35  21 
2  68  36  22 
2  67  37  23 
2  66  38  24 
2  65  39  25 
2  64  40  26 
2  63  41  27 
2  62  42  28 
2  61  43  29 
2  60  44  30 
2  59  45  31 
2  58  46  32 
2  57  47  33 
2  56  48  34 
1  48  56  34 
1  47  57  33 
1  46  58  32 
1  45  59  31 
1  44  60  30 
1  43  61  29 
1  42  62  28 
1  41  63  27 
1  40  64  26 
1  39  65  25 
1  38  66  24 
1  37  67  23 
1  36  68  22 
1  35  69  21 
1  34  70  20 
1  33  71  19 
1  32  72  18 
1  31  73  17 
1  30  74  16 
1  29  75  15 
1  28  76  14 
1  27  77  13 
1  26  78  12 
1  25  79  11 
1  24  80  10 
1  23  81  9 
1  22  82  8 
1  21  83  7 
1  20  84  6 
1  19  85  5 
1  18  86  4 
1  17  87  3 
1  16  88  2 
1  15  89  1 
2  80  25  1 
2  79  26  2 
2  78  27  3 
2  77  28  4 
2  76  29  5 
2  75  30  6 
2  74  31  7 
2  73  32  8 
2  72  33  9 
2  71  34  10 
2  70  35  11 
2  69  36  12 
2  68  37  13 
2  67  38  14 
2  66  39  15 
2  65  40  16 
2  64  41  17 
2  63  42  18 
2  62  43  19 
2  61  44  20 
2  60  45  21 
2  59  46  22 
2  58  47  23 
2  57  48  24 
1  48  57  24 
1  47  58  23 
1  46  59  22 
1  45  60  21 
1  44  61  20 
1  43  62  19 
1  42  63  18 
1  41  64  17 
1  40  65  16 
1  39  66  15 
1  38  67  14 
1  37  68  13 
1  36  69  12 
1  35  70  11 
1  34  71  10 
1  33  72  9 
1  32  73  8 
1  31  74  7 
1  30  75  6 
1  29  76  5 
1  28  77  4 
1  27  78  3 
1  26  79  2 
1  25  80  1 
2  81  25  1 
2  80  26  2 
2  79  27  3 
2  78  28  4 
2  77  29  5 
2  76  30  6 
2  75  31  7 
2  74  32  8 
2  73  33  9 
2  72  34  10 
2  71  35  11 
2  70  36  12 
2  69  37  13 
2  68  38  14 
2  67  39  15 
2  66  40  16 
2  65  41  17 
2  64  42  18 
2  63  43  19 
2  62  44  20 
2  61  45  21 
2  60  46  22 
2  59  47  23 
2  58  48  24 
1  48  58  24 
1  47  59  23 
1  46  60  22 
1  45  61  21 
1  44  62  20 
1  43  63  19 
1  42  64  18 
1  41  65  17 
1  40  66  16 
1  39  67  15 
1  38  68  14 
1  37  69  13 
1  36  70  12 
1  35  71  11 
1  34  72  10 
1  33  73  9 
1  32  74  8 
1  31  75  7 
1  30  76  6 
1  29  77  5 
1  28  78  4 
1  27  79  3 
1  26  80  2 
1  25  81  1 
2  82  25  1 
2  81  26  2 
2  80  27  3 
2  79  28  4 
2  78  29  5 
2  77  30  6 
2  76  31  7 
2  75  32  8 
2  74  33  9 
2  73  34  10 
2  72  35  11 
2  71  36  12 
2  70  37  13 
2  69  38  14 
2  68  39  15 
2  67  40  16 
2  66  41  17 
2  65  42  18 
2  64  43  19 
2  63  44  20 
2  62  45  21 
2  61  46  22 
2  60  47  23 
2  59  48  24 
1  48  59  24 
1  47  60  23 
1  46  61  22 
1  45  62  21 
1  44  63  20 
1  43  64  19 
1  42  65  18 
1  41  66  17 
1  40  67  16 
1  39  68  15 
1  38  69  14 
1  37  70  13 
1  36  71  12 
1  35  72  11 
1  34  73  10 
1  33  74  9 
1  32  75  8 
1  31  76  7 
1  30  77  6 
1  29  78  5 
1  28  79  4 
1  27  80  3 
1  26  81  2 
1  25  82  1 
2  83  25  1 
2  82  26  2 
2  81  27  3 
2  80  28  4 
2  79  29  5 
2  78  30  6 
2  77  31  7 
2  76  32  8 
2  75  33  9 
2  74  34  10 
2  73  35  11 
2  72  36  12 
2  71  37  13 
2  70  38  14 
2  69  39  15 
2  68  40  16 
2  67  41  17 
2  66  42  18 
2  65  43  19 
2  64  44  20 
2  63  45  21 
2  62  46  22 
2  61  47  23 
2  60  48  24 
1  48  60  24 
1  47  61  23 
1  46  62  22 
1  45  63  21 
1  44  64  20 
1  43  65  19 
1  42  66  18 
1  41  67  17 
1  40  68  16 
1  39  69  15 
1  38  70  14 
1  37  71  13 
1  36  72  12 
1  35  73  11 
1  34  74  10 
1  33  75  9 
1  32  76  8 
1  31  77  7 
1  30  78  6 
1  29  79  5 
1  28  80  4 
1  27  81  3 
1  26  82  2 
1  25  83  1 
2  84  25  1 
2  83  26  2 
2  82  27  3 
2  81  28  4 
2  80  29  5 
2  79  30  6 
2  78  31  7 
2  77  32  8 
2  76  33  9 
2  75  34  10 
2  74  35  11 
2  73  36  12 
2  72  37  13 
2  71  38  14 
2  70  39  15 
2  69  40  16 
2  68  41  17 
2  67  42  18 
2  66  43  19 
2  65  44  20 
2  64  45  21 
2  63  46  22 
2  62  47  23 
2  61  48  24 
1  48  61  24 
1  47  62  23 
1  46  63  22 
1  45  64  21 
1  44  65  20 
1  43  66  19 
1  42  67  18 
1  41  68  17 
1  40  69  16 
1  39  70  15 
1  38  71  14 
1  37  72  13 
1  36  73  12 
1  35  74  11 
1  34  75  10 
1  33  76  9 
1  32  77  8 
1  31  78  7 
1  30  79  6 
1  29  80  5 
1  28  81  4 
1  27  82  3 
1  26  83  2 
1  25  84  1 
2  85  25  1 
2  84  26  2 
2  83  27  3 
2  82  28  4 
2  81  29  5 
2  80  30  6 
2  79  31  7 
2  78  32  8 
2  77  33  9 
2  76  34  10 
2  75  35  11 
2  74  36  12 
2  73  37  13 
2  72  38  14 
2  71  39  15 
2  70  40  16 
2  69  41  17 
2  68  42  18 
2  67  43  19 
2  66  44  20 
2  65  45  21 
2  64  46  22 
2  63  47  23 
2  62  48  24 
1  48  62  24 
1  47  63  23 
1  46  64  22 
1  45  65  21 
1  44  66  20 
1  43  67  19 
1  42  68  18 
1  41  69  17 
1  40  70  16 
1  39  71  15 
1  38  72  14 
1  37  73  13 
1  36  74  12 
1  35  75  11 
1  34  76  10 
1  33  77  9 
1  32  78  8 
1  31  79  7 
1  30  80  6 
1  29  81  5 
1  28  82  4 
1  27  83  3 
1  26  84  2 
1  25  85  1 
2  86  25  1 
2  85  26  2 
2  84  27  3 
2  83  28  4 
2  82  29  5 
2  81  30  6 
2  80  31  7 
2  79  32  8 
2  78  33  9 
2  77  34  10 
2  76  35  11 
2  75  36  12 
2  74  37  13 
2  73  38  14 
2  72  39  15 
2  71  40  16 
2  70  41  17 
2  69  42  18 
2  68  43  19 
2  67  44  20 
2  66  45  21 
2  65  46  22 
2  64  47  23 
2  63  48  24 
1  48  63  24 
1  47  64  23 
1  46  65  22 
1  45  66  21 
1  44  67  20 
1  43  68  19 
1  42  69  18 
1  41  70  17 
1  40  71  16 
1  39  72  15 
1  38  73  14 
1  37  74  13 
1  36  75  12 
1  35  76  11 
1  34  77  10 
1  33  78  9 
1  32  79  8 
1  31  80  7 
1  30  81  6 
1  29  82  5 
1  28  83  4 
1  27  84  3 
1  26  85  2 
1  25  86  1 
2  87  25  1 
2  86  26  2 
2  85  27  3 
2  84  28  4 
2  83  29  5 
2  82  30  6 
2  81  31  7 
2  80  32  8 
2  79  33  9 
2  78  34  10 
2  77  35  11 
2  76  36  12 
2  75  37  13 
2  74  38  14 
2  73  39  15 
2  72  40  16 
2  71  41  17 
2  70  42  18 
2  69  43  19 
2  68  44  20 
2  67  45  21 
2  66  46  22 
2  65  47  23 
2  64  48  24 
1  48  64  24 
1  47  65  23 
1  46  66  22 
1  45  67  21 
1  44  68  20 
1  43  69  19 
1  42  70  18 
1  41  71  17 
1  40  72  16 
1  39  73  15 
1  38  74  14 
1  37  75  13 
1  36  76  12 
1  35  77  11 
1  34  78  10 
1  33  79  9 
1  32  80  8 
1  31  81  7 
1  30  82  6 
1  29  83  5 
1  28  84  4 
1  27  85  3 
1  26  86  2 
1  25  87  1 
2  88  25  1 
2  87  26  2 
2  86  27  3 
2  85  28  4 
2  84  29  5 
2  83  30  6 
2  82  31  7 
2  81  32  8 
2  80  33  9 
2  79  34  10 
2  78  35  11 
2  77  36  12 
2  76  37  13 
2  75  38  14 
2  74  39  15 
2  73  40  16 
2  72  41  17 
2  71  42  18 
2  70  43  19 
2  69  44  20 
2  68  45  21 
2  67  46  22 
2  66  47  23 
2  65  48  24 
1  48  65  24 
1  47  66  23 
1  46  67  22 
1  45  68  21 
1  44  69  20 
1  43  70  19 
1  42  71  18 
1  41  72  17 
1  40  73  16 
1  39  74  15 
1  38  75  14 
1  37  76  13 
1  36  77  12 
1  35  78  11 
1  34  79  10 
1  33  80  9 
1  32  81  8 
1  31  82  7 
1  30  83  6 
1  29  84  5 
1  28  85  4 
1  27  86  3 
1  26  87  2 
1  25  88  1 
2  89  25  1 
2  88  26  2 
2  87  27  3 
2  86  28  4 
2  85  29  5 
2  84  30  6 
2  83  31  7 
2  82  32  8 
2  81  33  9 
2  80  34  10 
2  79  35  11 
2  78  36  12 
2  77  37  13 
2  76  38  14 
2  75  39  15 
2  74  40  16 
2  73  41  17 
2  72  42  18 
2  71  43  19 
2  70  44  20 
2  69  45  21 
2  68  46  22 
2  67  47  23 
2  66  48  24 
1  48  66  24 
1  47  67  23 
1  46  68  22 
1  45  69  21 
1  44  70  20 
1  43  71  19 
1  42  72  18 
1  41  73  17 
1  40  74  16 
1  39  75  15 
1  38  76  14 
1  37  77  13 
1  36  78  12 
1  35  79  11 
1  34  80  10 
1  33  81  9 
1  32  82  8 
1  31  83  7 
1  30  84  6 
1  29  85  5 
1  28  86  4 
1  27  87  3 
1  26  88  2 
1  25  89  1 
-1